stop_id,stop_code,stop_name,stop_desc,stop_lat,stop_lon,location_type,parent_station
2371,,Nation,,0.8525213102442843,0.0418656489294619,0,1758
1832,,Nation,,0.8525213102442843,0.0418656489294619,0,1758
2170,,Concorde,,0.8528279234433782,0.0405251160448620,0,1885
2062,,Bastille,,0.8526062153669485,0.0413632741888149,0,2000
2331,,Louvre-Rivoli,,0.8527441747989979,0.0408703183223418,0,1809
2067,,Bérault,,0.8524734408099484,0.0423934230972267,0,1938
2544,,Champs-Elysées-Clémenceau,,0.8528639821009953,0.0404017094827892,0,1949
2443,,Reuilly-Diderot,,0.8525080755641170,0.0416533995963022,0,1662
1961,,George V,,0.8529390617987858,0.0401686558134847,0,1846
1864,,Louvre-Rivoli,,0.8527441747989979,0.0408703183223418,0,1809
2098,,Argentine,,0.8530023648723537,0.0399710058286025,0,1986
2200,,Franklin-Roosevelt,,0.8528860857802592,0.0403341752861860,0,1924
2383,,Palais-Royal (Musée du Louvre),,0.8527702154025802,0.0407935329921274,0,1774
2342,,Pont de Neuilly,,0.8531740002710073,0.0394314320640731,0,1709
1725,,Saint-Mandé,,0.8524886178237150,0.0422320797211383,0,1690
2154,,Château de Vincennes,,0.8524552248055728,0.0426082264052336,0,1962
1773,,Palais-Royal (Musée du Louvre),,0.8527702154025802,0.0407935329921274,0,1774
1933,,Esplanade de la Défense,,0.8532237779864240,0.0392815105855746,0,1913
2155,,Châtelet,,0.8527038530209730,0.0409917872132807,0,1964
2433,,Porte Maillot,,0.8530430969049334,0.0398492131228169,0,1716
2470,,Saint-Mandé,,0.8524886178237150,0.0422320797211383,0,1690
2147,,Charles de Gaulle-Etoile,,0.8529719707168217,0.0400701899537608,0,1953
1688,,Tuileries,,0.8528122504098459,0.0406630118841693,0,1640
1856,,Les Sablons (Jardin d'acclimatation),,0.8531005728865919,0.0396650810803206,0,1802
2429,,Porte de Vincennes,,0.8525022021755762,0.0420892663557719,0,1733
2210,,Gare de Lyon,,0.8524767810687406,0.0414371034057576,0,1839
2048,,Argentine,,0.8530023648723537,0.0399710058286025,0,1986
2258,,Esplanade de la Défense,,0.8532237779864240,0.0392815105855746,0,1913
1642,,Saint-Paul (Le Marais),,0.8526438957924993,0.0412256700756687,0,1695
2522,,Saint-Paul (Le Marais),,0.8526438957924993,0.0412256700756687,0,1695
2216,,George V,,0.8529390617987858,0.0401686558134847,0,1846
2111,,Bastille,,0.8526062153669485,0.0413632741888149,0,2000
2288,,Hôtel de Ville,,0.8526826683589142,0.0410640462149029,0,1855
2116,,Bérault,,0.8524734408099484,0.0423934230972267,0,1938
1887,,La Défense (Grande Arche),,0.8532843204655753,0.0390730373700003,0,1850
1945,,Franklin-Roosevelt,,0.8528860857802592,0.0403341752861860,0,1924
2283,,La Défense (Grande Arche),,0.8532843204655753,0.0390730373700003,0,1850
2323,,Les Sablons (Jardin d'acclimatation),,0.8531005728865919,0.0396650810803206,0,1802
1698,,Reuilly-Diderot,,0.8525080755641170,0.0416533995963022,0,1662
1980,,Concorde,,0.8528279234433782,0.0405251160448620,0,1885
2035,,Château de Vincennes,,0.8524552248055728,0.0426082264052336,0,1962
2036,,Châtelet,,0.8527038530209730,0.0409917872132807,0,1964
1755,,Porte Maillot,,0.8530430969049334,0.0398492131228169,0,1716
1751,,Porte de Vincennes,,0.8525022021755762,0.0420892663557719,0,1733
1803,,Pont de Neuilly,,0.8531740002710073,0.0394314320640731,0,1709
1892,,Hôtel de Ville,,0.8526826683589142,0.0410640462149029,0,1855
2028,,Charles de Gaulle-Etoile,,0.8529719707168217,0.0400701899537608,0,1953
2498,,Tuileries,,0.8528122504098459,0.0406630118841693,0,1640
2083,,Champs-Elysées-Clémenceau,,0.8528639821009953,0.0404017094827892,0,1949
1955,,Gare de Lyon,,0.8524767810687406,0.0414371034057576,0,1839
2338,,Nation,,0.8525442211383005,0.0418485636222841,0,1758
2504,,Victor Hugo,,0.8529010023481160,0.0398973901030137,0,1648
2401,,Pigalle,,0.8531201720773516,0.0408054246706683,0,1787
2235,,La Chapelle,,0.8531544863831328,0.0411897639397710,0,1868
2398,,Philippe Auguste,,0.8527005177649367,0.0417213311869020,0,1784
1833,,Nation,,0.8525442211383005,0.0418485636222841,0,1758
2405,,Place de Clichy,,0.8531382048650489,0.0406329988220390,0,1790
2394,,Père-Lachaise,,0.8527839874320402,0.0416781488865885,0,1741
1736,,Porte Dauphine (Maréchal de Lattre de Tassigny),,0.8529346418526096,0.0397166473189233,0,1714
2547,,Barbès-Rochechouart,,0.8531421200289335,0.0410197099496397,0,1999
2548,,Belleville,,0.8529432720289671,0.0414945024598874,0,2004
2168,,Colonel Fabien,,0.8530462080868348,0.0413799603444929,0,1972
1629,,Villiers,,0.8531010062116531,0.0404448902732953,0,1654
2071,,Blanche,,0.8531436998674646,0.0407221843146922,0,2009
2509,,Villiers,,0.8531010062116531,0.0404448902732953,0,1654
2484,,Stalingrad,,0.8531510052171596,0.0413250890999386,0,1627
2096,,Anvers,,0.8531280108042067,0.0409260027873688,0,1984
1822,,Monceau,,0.8530879621330714,0.0403195662922338,0,1749
1674,,Stalingrad,,0.8531510052171596,0.0413250890999386,0,1627
2160,,Alexandre-Dumas,,0.8526664392306116,0.0418054438672622,0,1978
2058,,Avron,,0.8525751124287133,0.0418697532938437,0,1995
2107,,Avron,,0.8525751124287133,0.0418697532938437,0,1995
1978,,Colonel Fabien,,0.8530462080868348,0.0413799603444929,0,1972
2296,,Jaurès,,0.8531262077595207,0.0413759692590479,0,1861
2148,,Charles de Gaulle-Etoile,,0.8529730659184223,0.0400621043643272,0,1953
2351,,Ménilmontant,,0.8528283998332142,0.0416287408195355,0,1754
2087,,Belleville,,0.8529432720289671,0.0414945024598874,0,2004
2086,,Barbès-Rochechouart,,0.8531421200289335,0.0410197099496397,0,1999
2046,,Anvers,,0.8531280108042067,0.0409260027873688,0,1984
1812,,Ménilmontant,,0.8528283998332142,0.0416287408195355,0,1754
1684,,Ternes,,0.8530469675116614,0.0401224472368180,0,1635
2041,,Alexandre-Dumas,,0.8526664392306116,0.0418054438672622,0,1978
1900,,Jaurès,,0.8531262077595207,0.0413759692590479,0,1861
1788,,Philippe Auguste,,0.8527005177649367,0.0417213311869020,0,1784
1784,,Père-Lachaise,,0.8527839874320402,0.0416781488865885,0,1741
1989,,Courcelles,,0.8530651904272588,0.0402128015263283,0,1892
2079,,Couronnes,,0.8528916412677052,0.0415607986576690,0,1893
2361,,Monceau,,0.8530879621330714,0.0403195662922338,0,1749
2414,,Porte Dauphine (Maréchal de Lattre de Tassigny),,0.8529346418526096,0.0397166473189233,0,1714
1694,,Victor Hugo,,0.8529010023481160,0.0398973901030137,0,1648
1791,,Pigalle,,0.8531201720773516,0.0408054246706683,0,1787
2452,,Rome,,0.8531140355951079,0.0405112378223889,0,1670
2120,,Blanche,,0.8531436998674646,0.0407221843146922,0,2009
1707,,Rome,,0.8531140355951079,0.0405112378223889,0,1670
2029,,Charles de Gaulle-Etoile,,0.8529730659184223,0.0400621043643272,0,1953
1910,,La Chapelle,,0.8531544863831328,0.0411897639397710,0,1868
2179,,Courcelles,,0.8530651904272588,0.0402128015263283,0,1892
2128,,Couronnes,,0.8528916412677052,0.0415607986576690,0,1893
1795,,Place de Clichy,,0.8531382048650489,0.0406329988220390,0,1790
2494,,Ternes,,0.8530469675116614,0.0401224472368180,0,1635
2396,,Péreire,,0.8531657047321515,0.0401052351013640,0,1740
2542,,Sentier,,0.8528571079251792,0.0409854015932444,0,1702
2376,,République,,0.8528554927510981,0.0412728468415914,0,1679
2375,,Réaumur-Sébastopol,,0.8528384316500461,0.0410712254847849,0,1676
2395,,Père-Lachaise,,0.8527802254669132,0.0416717263571848,0,1741
1662,,Sentier,,0.8528571079251792,0.0409854015932444,0,1702
1765,,Réaumur-Sébastopol,,0.8528384316500461,0.0410712254847849,0,1676
2163,,Anatole-France,,0.8532876640811451,0.0399024785471884,0,1982
1737,,Porte de Bagnolet,,0.8528044988090180,0.0420545137608127,0,1721
1766,,République,,0.8528554927510981,0.0412728468415914,0,1679
1738,,Porte de Champerret,,0.8531780641689561,0.0400131817788227,0,1722
1760,,Quatre Septembre,,0.8528974302705845,0.0407892533740476,0,1744
1862,,Louise Michel,,0.8532396838212426,0.0399467669292932,0,1807
2099,,Arts-et-Métiers,,0.8528257164042277,0.0411344622714379,0,1988
1634,,Wagram,,0.8531426897660555,0.0402522317166874,0,1658
2341,,Pont de Levallois-Bécon,,0.8533800163971903,0.0398196010134020,0,1708
1722,,Saint-Lazare,,0.8530025183443404,0.0406018717723843,0,1689
2204,,Gallieni (Parc de Bagnolet),,0.8527857527204157,0.0421792993442765,0,1928
2205,,Gambetta,,0.8528122871247739,0.0418733640267658,0,1929
1630,,Villiers,,0.8531024166236536,0.0404370416810341,0,1654
2389,,Parmentier,,0.8528206177958073,0.0414599341812018,0,1779
1935,,Europe,,0.8530614931274791,0.0405562000385457,0,1915
2007,,Bourse,,0.8528817428670146,0.0408650994167160,0,1930
1728,,Rue Saint-Maur,,0.8528001885578971,0.0415671400024367,0,1693
1779,,Parmentier,,0.8528206177958073,0.0414599341812018,0,1779
2471,,Rue Saint-Maur,,0.8528001885578971,0.0415671400024367,0,1693
2438,,Quatre Septembre,,0.8528974302705845,0.0407892533740476,0,1744
2196,,Bourse,,0.8528817428670146,0.0408650994167160,0,1930
1949,,Gallieni (Parc de Bagnolet),,0.8527857527204157,0.0421792993442765,0,1928
2313,,Opéra,,0.8529159385717291,0.0407181598699776,0,1771
2044,,Anatole-France,,0.8532876640811451,0.0399024785471884,0,1982
1683,,Temple,,0.8528468748624580,0.0412298090503327,0,1634
2050,,Arts-et-Métiers,,0.8528257164042277,0.0411344622714379,0,1988
1881,,Malesherbes,,0.8531221636949646,0.0403473739356352,0,1826
1889,,Havre-Caumartin,,0.8529637777719015,0.0406522899810349,0,1852
2467,,Saint-Lazare,,0.8530025183443404,0.0406018717723843,0,1689
1786,,Péreire,,0.8531657047321515,0.0401052351013640,0,1740
2285,,Havre-Caumartin,,0.8529637777719015,0.0406522899810349,0,1852
1785,,Père-Lachaise,,0.8527802254669132,0.0416717263571848,0,1741
2415,,Porte de Bagnolet,,0.8528044988090180,0.0420545137608127,0,1721
2416,,Porte de Champerret,,0.8531780641689561,0.0400131817788227,0,1722
1846,,Opéra,,0.8529159385717291,0.0407181598699776,0,1771
2329,,Louise Michel,,0.8532396838212426,0.0399467669292932,0,1807
2510,,Villiers,,0.8531024166236536,0.0404370416810341,0,1654
1802,,Pont de Levallois-Bécon,,0.8533800163971903,0.0398196010134020,0,1708
2514,,Wagram,,0.8531426897660555,0.0402522317166874,0,1658
2260,,Europe,,0.8530614931274791,0.0405562000385457,0,1915
2277,,Malesherbes,,0.8531221636949646,0.0403473739356352,0,1826
1950,,Gambetta,,0.8528122871247739,0.0418733640267658,0,1929
2493,,Temple,,0.8528468748624580,0.0412298090503327,0,1634
2463,,Saint-Fargeau,,0.8529338005249447,0.0419731371025513,0,1684
1783,,Pelleport,,0.8528723401185574,0.0419205121032254,0,1782
1718,,Saint-Fargeau,,0.8529338005249447,0.0419731371025513,0,1684
2393,,Pelleport,,0.8528723401185574,0.0419205121032254,0,1782
1752,,Porte des Lilas,,0.8530244437281937,0.0420117788711064,0,1736
2430,,Porte des Lilas,,0.8530244437281937,0.0420117788711064,0,1736
2539,,Gambetta,,0.8528152657664365,0.0418766960049881,0,1929
1659,,Gambetta,,0.8528152657664365,0.0418766960049881,0,1929
1668,,Simplon,,0.8533243939377240,0.0409797922483029,0,1621
2374,,Réaumur-Sébastopol,,0.8528343529251634,0.0410736017207882,0,1676
2502,,Vavin,,0.8524156996242924,0.0406590286537170,0,1646
2230,,Cité,,0.8526535027163744,0.0409615879946866,0,1969
1735,,Porte d'Orléans (Général Leclerc),,0.8520798442086286,0.0405928012836884,0,1720
1733,,Saint-Sulpice,,0.8525742913656966,0.0406956081716309,0,1698
1731,,Saint-Placide,,0.8525021296800248,0.0406274068768376,0,1697
1764,,Réaumur-Sébastopol,,0.8528343529251634,0.0410736017207882,0,1676
2442,,Saint-Placide,,0.8525021296800248,0.0406274068768376,0,1697
1964,,Châtelet,,0.8526991472535288,0.0409905976076675,0,1964
2487,,Strasbourg-Saint-Denis,,0.8528969359671592,0.0411064328391297,0,1628
1824,,Montparnasse-Bienvenue,,0.8524528701565588,0.0405817872208061,0,1751
1677,,Strasbourg-Saint-Denis,,0.8528969359671592,0.0411064328391297,0,1628
1721,,Saint-Germain des Prés,,0.8526144497927160,0.0407319706834482,0,1687
2208,,Gare de l'Est (Verdun),,0.8530202184849776,0.0411673519475199,0,1841
2535,,Marcadet-Poissonniers,,0.8532793719333966,0.0410168900513837,0,1828
1934,,Etienne Marcel,,0.8527935764538022,0.0410101128530520,0,1914
2478,,Simplon,,0.8533243939377240,0.0409797922483029,0,1621
2152,,Château Rouge,,0.8532015699955648,0.0410168707410074,0,1960
2061,,Barbès-Rochechouart,,0.8531465124293613,0.0410166192465120,0,1999
1729,,Saint-Michel,,0.8526171132351741,0.0409230750517886,0,1694
2153,,Château d'Eau,,0.8529461860786758,0.0411335566995574,0,1961
2472,,Saint-Michel,,0.8526171132351741,0.0409230750517886,0,1694
1975,,Cité,,0.8526535027163744,0.0409615879946866,0,1969
1828,,Mouton-Duvernet,,0.8522434629539215,0.0406859021465237,0,1753
2159,,Alésia,,0.8521714571851837,0.0406234283115971,0,1981
2212,,Gare du Nord,,0.8530734039173940,0.0411081587794846,0,1842
1855,,Les Halles,,0.8527639336309316,0.0409663632582263,0,1801
2312,,Odéon,,0.8525926462750419,0.0408320378581667,0,1770
2259,,Etienne Marcel,,0.8527935764538022,0.0410101128530520,0,1914
1996,,Denfert-Rochereau,,0.8522798572129720,0.0407172615585248,0,1902
2420,,Porte de Clignancourt,,0.8533915334552469,0.0409229490834248,0,1726
2219,,Châtelet,,0.8526991472535288,0.0409905976076675,0,1964
2040,,Alésia,,0.8521714571851837,0.0406234283115971,0,1981
1645,,Raspail,,0.8523650338489190,0.0406870759872541,0,1660
2525,,Raspail,,0.8523650338489190,0.0406870759872541,0,1660
2185,,Denfert-Rochereau,,0.8522798572129720,0.0407172615585248,0,1902
1742,,Porte de Clignancourt,,0.8533915334552469,0.0409229490834248,0,1726
2110,,Barbès-Rochechouart,,0.8531465124293613,0.0410166192465120,0,1999
2466,,Saint-Germain des Prés,,0.8526144497927160,0.0407319706834482,0,1687
1845,,Odéon,,0.8525926462750419,0.0408320378581667,0,1770
1957,,Gare du Nord,,0.8530734039173940,0.0411081587794846,0,1842
2411,,Saint-Sulpice,,0.8525742913656966,0.0406956081716309,0,1698
4028974,,Mairie de Montrouge,,0.8520039090802860,0.0404980430054143,0,466736
2363,,Montparnasse-Bienvenue,,0.8524528701565588,0.0405817872208061,0,1751
4028973,,Mairie de Montrouge,,0.8520039090802860,0.0404980430054143,0,466736
2413,,Porte d'Orléans (Général Leclerc),,0.8520798442086286,0.0405928012836884,0,1720
2033,,Château Rouge,,0.8532015699955648,0.0410168707410074,0,1960
2034,,Château d'Eau,,0.8529461860786758,0.0411335566995574,0,1961
2367,,Mouton-Duvernet,,0.8522434629539215,0.0406859021465237,0,1753
1655,,Marcadet-Poissonniers,,0.8532793719333966,0.0410168900513837,0,1828
1692,,Vavin,,0.8524156996242924,0.0406590286537170,0,1646
2322,,Les Halles,,0.8527639336309316,0.0409663632582263,0,1801
1953,,Gare de l'Est (Verdun),,0.8530202184849776,0.0411673519475199,0,1841
2377,,République,,0.8528617680886237,0.0412690460694154,0,1679
2403,,Place d'Italie,,0.8522275958835266,0.0411230696089436,0,1789
2089,,Bobigny-Pablo-Picasso,,0.8535516959779170,0.0427636601598687,0,2010
2424,,Porte de Pantin,,0.8532277054870052,0.0417682538128135,0,1728
2257,,Eglise de Pantin,,0.8533158185029102,0.0421256384722785,0,1912
1641,,Saint-Marcel,,0.8523700099012252,0.0412310044465649,0,1691
2521,,Saint-Marcel,,0.8523700099012252,0.0412310044465649,0,1691
2063,,Bastille,,0.8526134313424847,0.0413623279744163,0,2000
2310,,Oberkampf,,0.8527991566635515,0.0413626826711560,0,1769
2213,,Gare du Nord,,0.8530671245931227,0.0411390719450218,0,1842
1746,,Porte de Pantin,,0.8532277054870052,0.0417682538128135,0,1728
1922,,Laumière,,0.8531639599806837,0.0415355815103201,0,1882
2072,,Bobigny-Pantin (Raymond Queneau),,0.8533536339641259,0.0423343201364724,0,2011
2164,,Bréguet-Sabin,,0.8526724039949976,0.0413904145036340,0,1933
2112,,Bastille,,0.8526134313424847,0.0413623279744163,0,2000
2017,,Campo-Formio,,0.8523020972251443,0.0411805983267713,0,1941
1901,,Jaurès,,0.8531280869077698,0.0413871483156618,0,1861
1767,,République,,0.8528617680886237,0.0412690460694154,0,1679
2445,,Richard-Lenoir,,0.8527407877092097,0.0414189866523918,0,1664
2287,,Hoche,,0.8532785885529992,0.0419550335907569,0,1853
2485,,Stalingrad,,0.8531503763097259,0.0413307967056222,0,1627
2136,,Campo-Formio,,0.8523020972251443,0.0411805983267713,0,1941
2247,,Laumière,,0.8531639599806837,0.0415355815103201,0,1882
1843,,Oberkampf,,0.8527991566635515,0.0413626826711560,0,1769
1958,,Gare du Nord,,0.8530671245931227,0.0411390719450218,0,1842
2382,,Ourcq,,0.8531934066560014,0.0416471543814407,0,1773
1675,,Stalingrad,,0.8531503763097259,0.0413307967056222,0,1627
2076,,Gare de l'Est (Verdun),,0.8530222568499837,0.0411718709666265,0,1841
2206,,Gare d'Austerlitz,,0.8524393343125300,0.0412754777512698,0,1838
1700,,Richard-Lenoir,,0.8527407877092097,0.0414189866523918,0,1664
1759,,Quai de la Rapée,,0.8524838722211063,0.0413230329679083,0,1743
1932,,Eglise de Pantin,,0.8533158185029102,0.0421256384722785,0,1912
1793,,Place d'Italie,,0.8522275958835266,0.0411230696089436,0,1789
2121,,Bobigny-Pantin (Raymond Queneau),,0.8533536339641259,0.0423343201364724,0,2011
1891,,Hoche,,0.8532785885529992,0.0419550335907569,0,1853
2008,,Bréguet-Sabin,,0.8526724039949976,0.0413904145036340,0,1933
1951,,Gare d'Austerlitz,,0.8524393343125300,0.0412754777512698,0,1838
2125,,Gare de l'Est (Verdun),,0.8530222568499837,0.0411718709666265,0,1841
2294,,Jacques-Bonsergent,,0.8529155837278659,0.0412124850077175,0,1859
2297,,Jaurès,,0.8531280869077698,0.0413871483156618,0,1861
1898,,Jacques-Bonsergent,,0.8529155837278659,0.0412124850077175,0,1859
2550,,Bobigny-Pablo-Picasso,,0.8535516959779170,0.0427636601598687,0,2010
2437,,Quai de la Rapée,,0.8524838722211063,0.0413230329679083,0,1743
1772,,Ourcq,,0.8531934066560014,0.0416471543814407,0,1773
2399,,Picpus,,0.8524726471908615,0.0419316591618799,0,1785
2339,,Nation,,0.8525098612538464,0.0418615950672689,0,1758
1665,,Sèvres-Lecourbe,,0.8524669504467468,0.0403448440958512,0,1633
1834,,Nation,,0.8525098612538464,0.0418615950672689,0,1758
2404,,Place d'Italie,,0.8522246144726520,0.0411290082508224,0,1789
2065,,Bel-Air,,0.8524177507024087,0.0419204210128952,0,2003
2068,,Bercy,,0.8523830975391946,0.0415423071586129,0,2005
2234,,Kléber,,0.8529261562058452,0.0400388404204770,0,1867
2069,,Bir-Hakeim (Grenelle),,0.8526298134661912,0.0399599344431756,0,2007
2543,,Dugommier,,0.8523601259229561,0.0417145661231981,0,1906
1926,,Dupleix,,0.8525672494901464,0.0400236899836077,0,1907
2135,,Cambronne,,0.8525141277147315,0.0401908137274044,0,1940
1763,,Raspail,,0.8523601712061382,0.0406906409242138,0,1660
1836,,Nationale,,0.8522554970603422,0.0412357009299012,0,1761
2409,,Raspail,,0.8523601712061382,0.0406906409242138,0,1660
1962,,Glacière,,0.8522202447504030,0.0409327588787796,0,1848
2537,,La Motte-Picquet-Grenelle,,0.8525371637800263,0.0401161696476397,0,1874
1930,,Edgar-Quinet,,0.8523896568499669,0.0406160210019150,0,1910
1825,,Montparnasse-Bienvenue,,0.8524123926352809,0.0405257139499173,0,1751
2390,,Passy,,0.8526857903338767,0.0399037833389184,0,1780
2391,,Pasteur,,0.8524148800788218,0.0403871695968664,0,1781
2475,,Sèvres-Lecourbe,,0.8524669504467468,0.0403448440958512,0,1633
1974,,Chevaleret,,0.8522851241444322,0.0413233917169286,0,1959
2303,,Nationale,,0.8522554970603422,0.0412357009299012,0,1761
2149,,Charles de Gaulle-Etoile,,0.8529682038201472,0.0400637727790688,0,1953
1687,,Trocadéro,,0.8527753710919912,0.0399329366605160,0,1639
1997,,Denfert-Rochereau,,0.8522749949476132,0.0407353197464343,0,1902
1640,,Saint-Jacques,,0.8522574267505321,0.0407954331016927,0,1688
2520,,Saint-Jacques,,0.8522574267505321,0.0407954331016927,0,1688
2524,,Quai de la Gare,,0.8523381103367291,0.0414441332468460,0,1742
1644,,Quai de la Gare,,0.8523381103367291,0.0414441332468460,0,1742
2255,,Edgar-Quinet,,0.8523896568499669,0.0406160210019150,0,1910
2217,,Glacière,,0.8522202447504030,0.0409327588787796,0,1848
2251,,Dupleix,,0.8525672494901464,0.0400236899836077,0,1907
1909,,Kléber,,0.8529261562058452,0.0400388404204770,0,1867
2186,,Denfert-Rochereau,,0.8522749949476132,0.0407353197464343,0,1902
1781,,Pasteur,,0.8524148800788218,0.0403871695968664,0,1781
1780,,Passy,,0.8526857903338767,0.0399037833389184,0,1780
2016,,Cambronne,,0.8525141277147315,0.0401908137274044,0,1940
2117,,Bercy,,0.8523830975391946,0.0415423071586129,0,2005
2094,,Daumesnil (Félix Eboué),,0.8523688574490262,0.0418269726427964,0,1901
1789,,Picpus,,0.8524726471908615,0.0419316591618799,0,1785
2114,,Bel-Air,,0.8524177507024087,0.0419204210128952,0,2003
2118,,Bir-Hakeim (Grenelle),,0.8526298134661912,0.0399599344431756,0,2007
1987,,Corvisart,,0.8521982760851810,0.0410168596101197,0,1890
2364,,Montparnasse-Bienvenue,,0.8524123926352809,0.0405257139499173,0,1751
2073,,Boissière,,0.8528484882057388,0.0399813688503223,0,2012
2229,,Chevaleret,,0.8522851241444322,0.0413233917169286,0,1959
1657,,La Motte-Picquet-Grenelle,,0.8525371637800263,0.0401161696476397,0,1874
2030,,Charles de Gaulle-Etoile,,0.8529682038201472,0.0400637727790688,0,1953
1794,,Place d'Italie,,0.8522246144726520,0.0411290082508224,0,1789
2122,,Boissière,,0.8528484882057388,0.0399813688503223,0,2012
2177,,Corvisart,,0.8521982760851810,0.0410168596101197,0,1890
2497,,Trocadéro,,0.8527753710919912,0.0399329366605160,0,1639
2081,,Daumesnil (Félix Eboué),,0.8523688574490262,0.0418269726427964,0,1901
2082,,Dugommier,,0.8523601259229561,0.0417145661231981,0,1906
2506,,Villejuif-Paul Vaillant Couturier (Hôpital Paul Brousse),,0.8516116831915843,0.0413460277029226,0,1651
2505,,Villejuif-Louis Aragon,,0.8514483854406385,0.0413264623297697,0,1649
2400,,Pierre et Marie Curie,,0.8519594108030857,0.0415144041514998,0,1786
2236,,La Courneuve-8-Mai-1945,,0.8537850057342116,0.0420789685155955,0,1869
2373,,Poissonnière,,0.8530316909590119,0.0410170663900824,0,1706
1734,,Porte d'Ivry,,0.8520543624045240,0.0413648267428028,0,1719
2546,,Château Landon,,0.8530509491081362,0.0412382309288165,0,1963
1925,,Le Kremlin-Bicêtre,,0.8518628583296239,0.0412343213365950,0,1793
2232,,Jussieu,,0.8524839154301542,0.0411117556833542,0,1866
2134,,Cadet,,0.8530050334089325,0.0409117169760570,0,1939
1860,,Louis Blanc,,0.8530936029191536,0.0412915230473529,0,1806
1966,,Châtelet,,0.8526800110284083,0.0409794211060201,0,1964
2139,,Censier-Daubenton,,0.8523901178821411,0.0410584928861892,0,1944
2448,,Riquet,,0.8532243781978401,0.0414542858308615,0,1666
2486,,Stalingrad,,0.8531489575733171,0.0413571952090166,0,1627
2345,,Pont Neuf,,0.8527032328302706,0.0408902828417936,0,1712
2347,,Porte d'Italie,,0.8520082800132585,0.0412111140980758,0,1718
2384,,Palais-Royal (Musée du Louvre),,0.8527879407481986,0.0407745140489220,0,1774
1676,,Stalingrad,,0.8531489575733171,0.0413571952090166,0,1627
2344,,Pont Marie (Cité des Arts),,0.8526147324588393,0.0411567255509456,0,1711
2055,,Aubervilliers Pantin (4 Chemins),,0.8534949908659759,0.0417692560007022,0,1992
2209,,Gare de l'Est (Verdun),,0.8530153526103743,0.0411847091000566,0,1841
1774,,Palais-Royal (Musée du Louvre),,0.8527879407481986,0.0407745140489220,0,1774
1871,,Mairie d'Ivry,,0.8518773321471613,0.0416126629926524,0,1815
1639,,Villejuif-Léo Lagrange,,0.8517473945659195,0.0412705970317715,0,1650
2104,,Aubervilliers Pantin (4 Chemins),,0.8534949908659759,0.0417692560007022,0,1992
2199,,Fort d'Aubervilliers,,0.8536722953610738,0.0419629168985110,0,1923
1876,,Maison Blanche,,0.8520809177412119,0.0411688635038969,0,1820
2435,,Pyramides,,0.8528422146078443,0.0407502623433133,0,1738
1971,,Chaussée d'Antin (La Fayette),,0.8529554681706157,0.0407386058033816,0,1957
2301,,Mairie d'Ivry,,0.8518773321471613,0.0416126629926524,0,1815
2314,,Opéra,,0.8529131152511242,0.0407233910406098,0,1771
1854,,Les Gobelins,,0.8523121551142245,0.0410641726666844,0,1800
1685,,Tolbiac,,0.8521381774696604,0.0411503571140961,0,1636
2422,,Porte de la Villette,,0.8533838316294036,0.0416499511733172,0,1735
2316,,Le Peletier,,0.8529899772469292,0.0408560720926116,0,1795
2085,,Château Landon,,0.8530509491081362,0.0412382309288165,0,1963
1907,,Jussieu,,0.8524839154301542,0.0411117556833542,0,1866
1648,,Place d'Italie,,0.8522323022065779,0.0411209330063364,0,1789
2528,,Place d'Italie,,0.8522323022065779,0.0411209330063364,0,1789
2250,,Le Kremlin-Bicêtre,,0.8518628583296239,0.0412343213365950,0,1793
1681,,Sully-Morland,,0.8525681311190652,0.0412239700573727,0,1630
1744,,Porte de la Villette,,0.8533838316294036,0.0416499511733172,0,1735
1649,,Place Monge (Jardin des Plantes),,0.8524349804161071,0.0410646848271781,0,1788
2529,,Place Monge (Jardin des Plantes),,0.8524349804161071,0.0410646848271781,0,1788
1740,,Porte de Choisy,,0.8520289693741354,0.0412890360988582,0,1724
2015,,Cadet,,0.8530050334089325,0.0409117169760570,0,1939
2093,,Crimée,,0.8532574619676336,0.0414952220443535,0,1894
1944,,Fort d'Aubervilliers,,0.8536722953610738,0.0419629168985110,0,1923
2221,,Châtelet,,0.8526800110284083,0.0409794211060201,0,1964
1696,,Villejuif-Paul Vaillant Couturier (Hôpital Paul Brousse),,0.8516116831915843,0.0413460277029226,0,1651
2418,,Porte de Choisy,,0.8520289693741354,0.0412890360988582,0,1724
2327,,Louis Blanc,,0.8530936029191536,0.0412915230473529,0,1806
1985,,Corentin-Cariou,,0.8533341309016569,0.0415916232878420,0,1888
2412,,Porte d'Ivry,,0.8520543624045240,0.0413648267428028,0,1719
1800,,Poissonnière,,0.8530316909590119,0.0410170663900824,0,1706
2226,,Chaussée d'Antin (La Fayette),,0.8529554681706157,0.0407386058033816,0,1957
1703,,Riquet,,0.8532243781978401,0.0414542858308615,0,1666
1695,,Villejuif-Louis Aragon,,0.8514483854406385,0.0413264623297697,0,1649
2321,,Les Gobelins,,0.8523121551142245,0.0410641726666844,0,1800
1808,,Porte d'Italie,,0.8520082800132585,0.0412111140980758,0,1718
2519,,Villejuif-Léo Lagrange,,0.8517473945659195,0.0412705970317715,0,1650
1757,,Pyramides,,0.8528422146078443,0.0407502623433133,0,1738
2175,,Corentin-Cariou,,0.8533341309016569,0.0415916232878420,0,1888
1911,,La Courneuve-8-Mai-1945,,0.8537850057342116,0.0420789685155955,0,1869
1806,,Pont Neuf,,0.8527032328302706,0.0408902828417936,0,1712
1790,,Pierre et Marie Curie,,0.8519594108030857,0.0415144041514998,0,1786
1805,,Pont Marie (Cité des Arts),,0.8526147324588393,0.0411567255509456,0,1711
2080,,Crimée,,0.8532574619676336,0.0414952220443535,0,1894
2495,,Tolbiac,,0.8521381774696604,0.0411503571140961,0,1636
1847,,Opéra,,0.8529131152511242,0.0407233910406098,0,1771
2272,,Maison Blanche,,0.8520809177412119,0.0411688635038969,0,1820
2491,,Sully-Morland,,0.8525681311190652,0.0412239700573727,0,1630
1849,,Le Peletier,,0.8529899772469292,0.0408560720926116,0,1795
2020,,Censier-Daubenton,,0.8523901178821411,0.0410584928861892,0,1944
1954,,Gare de l'Est (Verdun),,0.8530153526103743,0.0411847091000566,0,1841
2328,,Louis Blanc,,0.8531039528352538,0.0413031819436945,0,1806
2075,,Bolivar,,0.8530916767060903,0.0414494324110770,0,2014
1902,,Jaurès,,0.8531185190155495,0.0413852394340577,0,1861
1635,,Danube,,0.8531119364055857,0.0417828739250798,0,1900
2191,,Botzaris,,0.8530710268537538,0.0417157662935108,0,2016
1756,,Pré-Saint-Gervais,,0.8530806749483579,0.0418758250009969,0,1737
2132,,Buttes-Chaumont,,0.8530395566137297,0.0415725766313071,0,1936
2124,,Bolivar,,0.8530916767060903,0.0414494324110770,0,2014
2013,,Buttes-Chaumont,,0.8530395566137297,0.0415725766313071,0,1936
2434,,Pré-Saint-Gervais,,0.8530806749483579,0.0418758250009969,0,1737
2298,,Jaurès,,0.8531185190155495,0.0413852394340577,0,1861
1861,,Louis Blanc,,0.8531039528352538,0.0413031819436945,0,1806
2002,,Botzaris,,0.8530710268537538,0.0417157662935108,0,2016
1797,,Place des Fêtes,,0.8530294321266965,0.0417742227902316,0,1792
3343752,,Félix Faure,,0.8524290505766681,0.0400195297243834,0,1925
3343792,,Reuilly-Diderot,,0.8525057126207845,0.0416771636515848,0,1662
3343791,,Reuilly-Diderot,,0.8525057126207845,0.0416771636515848,0,1662
3343790,,Faidherbe-Chaligny,,0.8525554585590065,0.0416287263474527,0,1917
3343796,,Daumesnil (Félix Eboué),,0.8523741926327175,0.0418234143104779,0,1901
3343795,,Daumesnil (Félix Eboué),,0.8523741926327175,0.0418234143104779,0,1901
3343794,,Montgallet,,0.8524520465928211,0.0417194127218620,0,1750
3343793,,Montgallet,,0.8524520465928211,0.0417194127218620,0,1750
3343799,,Porte Dorée,,0.8523011501819258,0.0420084288534274,0,1715
3343797,,Michel Bizot,,0.8523272224409206,0.0419514359704685,0,1835
3343798,,Michel Bizot,,0.8523272224409206,0.0419514359704685,0,1835
3343756,,La Motte-Picquet-Grenelle,,0.8525333986595300,0.0401149841081675,0,1874
3343755,,La Motte-Picquet-Grenelle,,0.8525333986595300,0.0401149841081675,0,1874
3343754,,Commerce,,0.8524602766908309,0.0400470705992376,0,1973
3343753,,Commerce,,0.8524602766908309,0.0400470705992376,0,1973
3343759,,La Tour-Maubourg,,0.8526804377710704,0.0403261972694673,0,54166
3343758,,Ecole Militaire,,0.8526286545203581,0.0402501614476341,0,1909
3343757,,Ecole Militaire,,0.8526286545203581,0.0402501614476341,0,1909
3343825,,Pointe du Lac,,0.8511250132487294,0.0430462314140837,0,397629
3343781,,Saint-Sébastien-Froissart,,0.8527458324492665,0.0413291297005316,0,1699
3343780,,Filles du Calvaire,,0.8527825405254319,0.0413201175141008,0,1919
3343783,,Chemin Vert,,0.8526866917116345,0.0413426441304095,0,1958
3343782,,Saint-Sébastien-Froissart,,0.8527458324492665,0.0413291297005316,0,1699
3343785,,Bastille,,0.8526195490116750,0.0413623318261120,0,2000
3343784,,Chemin Vert,,0.8526866917116345,0.0413426441304095,0,1958
3343786,,Bastille,,0.8526195490116750,0.0413623318261120,0,2000
3343787,,Ledru-Rollin,,0.8525751209065584,0.0414804314223580,0,1798
3343788,,Ledru-Rollin,,0.8525751209065584,0.0414804314223580,0,1798
3343789,,Faidherbe-Chaligny,,0.8525554585590065,0.0416287263474527,0,1917
3343746,,Félix Faure,,0.8524290505766681,0.0400195297243834,0,1925
3343773,,Bonne Nouvelle,,0.8529134195894090,0.0410015819688915,0,2015
3343774,,Bonne Nouvelle,,0.8529134195894090,0.0410015819688915,0,2015
3343771,,Grands Boulevards,,0.8529308387076142,0.0409038606268405,0,1671
3343772,,Grands Boulevards,,0.8529308387076142,0.0409038606268405,0,1671
3343770,,Richelieu-Drouot,,0.8529383701761875,0.0408517884796925,0,1665
3343801,,Porte de Charenton,,0.8522516366156978,0.0419085718872097,0,1723
3343802,,Porte de Charenton,,0.8522516366156978,0.0419085718872097,0,1723
3343803,,Liberté,,0.8521290552222904,0.0420298161570335,0,1803
3343804,,Liberté,,0.8521290552222904,0.0420298161570335,0,1803
3343800,,Porte Dorée,,0.8523011501819258,0.0420084288534274,0,1715
3343809,,Maisons-Alfort-Stade,,0.8518251543413435,0.0425335809700249,0,21582
3343779,,Filles du Calvaire,,0.8527825405254319,0.0413201175141008,0,1919
3343778,,République,,0.8528627112024760,0.0412604873236824,0,1679
3343805,,Charenton-Ecoles,,0.8520566693895066,0.0421423137357739,0,1951
3343777,,République,,0.8528627112024760,0.0412604873236824,0,1679
3343806,,Charenton-Ecoles,,0.8520566693895066,0.0421423137357739,0,1951
3343776,,Strasbourg-Saint-Denis,,0.8528925449513878,0.0410990606137084,0,1628
3343807,,Ecole Vétérinaire de Maisons-Alfort,,0.8519447299821499,0.0422780060647312,0,23674
3343775,,Strasbourg-Saint-Denis,,0.8528925449513878,0.0410990606137084,0,1628
3343808,,Ecole Vétérinaire de Maisons-Alfort,,0.8519447299821499,0.0422780060647312,0,23674
3343760,,La Tour-Maubourg,,0.8526804377710704,0.0403261972694673,0,54166
3343761,,Invalides,,0.8527479059456979,0.0404107931863465,0,1857
3343762,,Invalides,,0.8527479059456979,0.0404107931863465,0,1857
3343763,,Concorde,,0.8528249411548319,0.0405106143703047,0,1885
3343334,,Balard,,0.8523241633577734,0.0397831919259307,0,1997
3343814,,Créteil-L'Echat (Hôpital Henri Mondor),,0.8516222715408244,0.0427649243736796,0,1897
3343815,,Créteil-Université,,0.8515022434074231,0.0427876909907145,0,1899
3343812,,Maisons-Alfort-Les Juilliottes,,0.8517252331294856,0.0427064962296118,0,21583
3343339,,Boucicaut,,0.8523976483400717,0.0399444639728537,0,2017
3343813,,Créteil-L'Echat (Hôpital Henri Mondor),,0.8516222715408244,0.0427649243736796,0,1897
3343338,,Boucicaut,,0.8523976483400717,0.0399444639728537,0,2017
3343810,,Maisons-Alfort-Stade,,0.8518251543413435,0.0425335809700249,0,21582
3343337,,Lourmel,,0.8523565069098114,0.0398454133394912,0,1808
3343811,,Maisons-Alfort-Les Juilliottes,,0.8517252331294856,0.0427064962296118,0,21583
3343336,,Lourmel,,0.8523565069098114,0.0398454133394912,0,1808
3343335,,Balard,,0.8523241633577734,0.0397831919259307,0,1997
3343769,,Richelieu-Drouot,,0.8529383701761875,0.0408517884796925,0,1665
3343768,,Opéra,,0.8529143696183308,0.0407091247274434,0,1771
3343765,,Madeleine,,0.8528947533891404,0.0405859641883720,0,1813
3343818,,Créteil-Préfecture (Hôtel de Ville),,0.8513282815727097,0.0429356547586940,0,1898
3343764,,Concorde,,0.8528249411548319,0.0405106143703047,0,1885
3343819,,Pointe du Lac,,0.8511250132487294,0.0430462314140837,0,397629
3343767,,Opéra,,0.8529143696183308,0.0407091247274434,0,1771
3343816,,Créteil-Université,,0.8515022434074231,0.0427876909907145,0,1899
3343766,,Madeleine,,0.8528947533891404,0.0405859641883720,0,1813
3343817,,Créteil-Préfecture (Hôtel de Ville),,0.8513282815727097,0.0429356547586940,0,1898
2549,,Billancourt,,0.8522416586963364,0.0390759670945633,0,2006
1730,,Saint-Philippe du Roule,,0.8529464792849297,0.0403431803022672,0,1696
2488,,Strasbourg-Saint-Denis,,0.8528898771368665,0.0411069059170979,0,1628
1762,,Ranelagh,,0.8526503616284238,0.0396309373452811,0,1659
2133,,Buzenval,,0.8525851244498717,0.0419211049309850,0,1937
2441,,Saint-Philippe du Roule,,0.8529464792849297,0.0403431803022672,0,1696
2440,,Ranelagh,,0.8526503616284238,0.0396309373452811,0,1659
2162,,Alma-Marceau,,0.8528038497108339,0.0401770699293520,0,1980
2447,,Richelieu-Drouot,,0.8529399390529964,0.0408415641712686,0,1665
2449,,Robespierre,,0.8526534237065295,0.0423133981712542,0,1667
1678,,Strasbourg-Saint-Denis,,0.8528898771368665,0.0411069059170979,0,1628
2531,,Nation,,0.8525369996955128,0.0418597257470777,0,1758
2201,,Franklin-Roosevelt,,0.8528826335651547,0.0403284707466069,0,1924
2343,,Pont de Sèvres,,0.8521998179438213,0.0389427623692838,0,1710
1637,,Trocadéro,,0.8527827405516035,0.0399255598547546,0,1639
2242,,La Muette,,0.8526955772501754,0.0397031440565475,0,1876
1936,,Exelmans,,0.8524304924668082,0.0394596408669034,0,1916
1633,,Voltaire (Léon Blum),,0.8526880374904460,0.0415520682261200,0,1657
2151,,Charonne,,0.8526352978206266,0.0416392587791008,0,1955
2295,,Jasmin,,0.8525968511825930,0.0395955906300089,0,1860
2001,,Bonne Nouvelle,,0.8529120071830789,0.0410080014235679,0,2015
1873,,Mairie de Montreuil,,0.8527686185070369,0.0426304887509961,0,1817
1972,,Chaussée d'Antin (La Fayette),,0.8529532719359372,0.0407319480793982,0,1957
2291,,Iéna,,0.8528047498608493,0.0400513040506016,0,1858
1946,,Franklin-Roosevelt,,0.8528826335651547,0.0403284707466069,0,1924
2088,,Billancourt,,0.8522416586963364,0.0390759670945633,0,2006
2355,,Michel-Ange-Molitor,,0.8524680026571447,0.0394904805722445,0,1837
2425,,Porte de Saint-Cloud,,0.8523372621194101,0.0393801757397355,0,1729
1993,,Croix-de-Chavaux (Jacques Duclos),,0.8526938844160674,0.0425264565991409,0,1896
2353,,Michel-Ange-Auteuil,,0.8525180673825234,0.0395310495271535,0,1836
2423,,Porte de Montreuil,,0.8526132656584244,0.0420830077955213,0,1727
2358,,Miromesnil,,0.8529650053001650,0.0404271087205173,0,1747
2527,,République,,0.8528581611959849,0.0412650023254495,0,1679
1647,,République,,0.8528581611959849,0.0412650023254495,0,1679
1714,,Saint-Ambroise,,0.8527575680706647,0.0414318356423508,0,1680
2043,,Alma-Marceau,,0.8528038497108339,0.0401770699293520,0,1980
2311,,Oberkampf,,0.8528038645310660,0.0413553156579129,0,1769
1712,,Grands Boulevards,,0.8529297403799205,0.0409093293011383,0,1671
2190,,Bonne Nouvelle,,0.8529120071830789,0.0410080014235679,0,2015
1747,,Porte de Saint-Cloud,,0.8523372621194101,0.0393801757397355,0,1729
1715,,Saint-Augustin,,0.8529799209125404,0.0405169863841624,0,1681
1819,,Miromesnil,,0.8529650053001650,0.0404271087205173,0,1747
2183,,Croix-de-Chavaux (Jacques Duclos),,0.8526938844160674,0.0425264565991409,0,1896
1745,,Porte de Montreuil,,0.8526132656584244,0.0420830077955213,0,1727
1816,,Michel-Ange-Molitor,,0.8524680026571447,0.0394904805722445,0,1837
1882,,Maraichers,,0.8525996614611828,0.0420119197671055,0,55372
2460,,Saint-Augustin,,0.8529799209125404,0.0405169863841624,0,1681
1814,,Michel-Ange-Auteuil,,0.8525180673825234,0.0395310495271535,0,1836
2014,,Buzenval,,0.8525851244498717,0.0419211049309850,0,1937
2286,,Havre-Caumartin,,0.8529631508876636,0.0406608502700510,0,1852
1884,,Marcel Sembat,,0.8522716947335081,0.0391688124529401,0,1829
1844,,Oberkampf,,0.8528038645310660,0.0413553156579129,0,1769
2280,,Marcel Sembat,,0.8522716947335081,0.0391688124529401,0,1829
2269,,Mairie de Montreuil,,0.8527686185070369,0.0426304887509961,0,1817
1651,,Nation,,0.8525369996955128,0.0418597257470777,0,1758
2513,,Voltaire (Léon Blum),,0.8526880374904460,0.0415520682261200,0,1657
2261,,Exelmans,,0.8524304924668082,0.0394596408669034,0,1916
1917,,La Muette,,0.8526955772501754,0.0397031440565475,0,1876
2517,,Trocadéro,,0.8527827405516035,0.0399255598547546,0,1639
2227,,Chaussée d'Antin (La Fayette),,0.8529532719359372,0.0407319480793982,0,1957
1702,,Richelieu-Drouot,,0.8529399390529964,0.0408415641712686,0,1665
2032,,Charonne,,0.8526352978206266,0.0416392587791008,0,1955
1704,,Robespierre,,0.8526534237065295,0.0423133981712542,0,1667
2454,,Rue des Boulets,,0.8525930713147156,0.0417105250648746,0,1673
2453,,Rue de la Pompe (Avenue Georges Mandel),,0.8528030618594018,0.0397698199675327,0,1672
1890,,Havre-Caumartin,,0.8529631508876636,0.0406608502700510,0,1852
1804,,Pont de Sèvres,,0.8521998179438213,0.0389427623692838,0,1710
1708,,Rue de la Pompe (Avenue Georges Mandel),,0.8528030618594018,0.0397698199675327,0,1672
1709,,Rue des Boulets,,0.8525930713147156,0.0417105250648746,0,1673
1895,,Iéna,,0.8528047498608493,0.0400513040506016,0,1858
2278,,Maraichers,,0.8525996614611828,0.0420119197671055,0,55372
2459,,Saint-Ambroise,,0.8527575680706647,0.0414318356423508,0,1680
2457,,Grands Boulevards,,0.8529297403799205,0.0409093293011383,0,1671
1899,,Jasmin,,0.8525968511825930,0.0395955906300089,0,1860
2541,,Ségur,,0.8524995637617332,0.0402820853736526,0,1631
2350,,Maubert-Mutualité,,0.8525493409821099,0.0410091034097943,0,1834
1666,,Sèvres-Babylone,,0.8525706778416597,0.0406109944666200,0,1632
2354,,Michel-Ange-Auteuil,,0.8525182305662131,0.0395415066197407,0,1836
2500,,Vaneau,,0.8525316095901725,0.0405259165116930,0,1643
2334,,Mabillon,,0.8526039406871688,0.0407685754537358,0,1812
2256,,Eglise d'Auteuil,,0.8525173445530703,0.0396368119582543,0,1911
1661,,Ségur,,0.8524995637617332,0.0402820853736526,0,1631
1903,,Javel-André-Citroen,,0.8524838444276792,0.0397680415468992,0,1862
1811,,Maubert-Mutualité,,0.8525493409821099,0.0410091034097943,0,1834
2193,,Boulogne-Jean-Jaurès,,0.8524195542894977,0.0390882248494305,0,2018
2252,,Duroc,,0.8524992846104067,0.0404508250543252,0,1908
2233,,Jussieu,,0.8524803082403198,0.0411072389408940,0,1866
1908,,Jussieu,,0.8524803082403198,0.0411072389408940,0,1866
1927,,Duroc,,0.8524992846104067,0.0404508250543252,0,1908
2167,,Cluny-La Sorbonne,,0.8525681706089019,0.0409411316170001,0,54244
1818,,Mirabeau,,0.8525034100426883,0.0396853128821803,0,1746
8433,,Porte d'Auteuil,,0.8525233283965594,0.0394169616974115,0,1717
1817,,Michel-Ange-Molitor,,0.8524667521962010,0.0394976119558270,0,1837
2018,,Cardinal-Lemoine,,0.8524967867280981,0.0410511567611418,0,1942
1867,,Mabillon,,0.8526039406871688,0.0407685754537358,0,1812
2137,,Cardinal-Lemoine,,0.8524967867280981,0.0410511567611418,0,1942
2346,,Porte d'Auteuil,,0.8525233283965594,0.0394169616974115,0,1717
1916,,La Motte-Picquet-Grenelle,,0.8525337138540987,0.0401194996091068,0,1874
1653,,Odéon,,0.8525946854727198,0.0408334640655704,0,1770
2241,,La Motte-Picquet-Grenelle,,0.8525337138540987,0.0401194996091068,0,1874
1690,,Vaneau,,0.8525316095901725,0.0405259165116930,0,1643
2533,,Odéon,,0.8525946854727198,0.0408334640655704,0,1770
2207,,Gare d'Austerlitz,,0.8524446688079248,0.0412707276581705,0,1838
2057,,Avenue Emile-Zola,,0.8524993460141745,0.0400757954627933,0,1994
2031,,Charles Michels,,0.8524908092085752,0.0399044500039053,0,1952
2005,,Boulogne Pont de Saint-Cloud,,0.8523916300544312,0.0389041116393257,0,2019
2004,,Boulogne-Jean-Jaurès,,0.8524195542894977,0.0390882248494305,0,2018
2150,,Charles Michels,,0.8524908092085752,0.0399044500039053,0,1952
2026,,Chardon-Lagache,,0.8524688400606957,0.0395781734720834,0,1950
2106,,Avenue Emile-Zola,,0.8524993460141745,0.0400757954627933,0,1994
1977,,Cluny-La Sorbonne,,0.8525681706089019,0.0409411316170001,0,54244
1952,,Gare d'Austerlitz,,0.8524446688079248,0.0412707276581705,0,1838
2194,,Boulogne Pont de Saint-Cloud,,0.8523916300544312,0.0389041116393257,0,2019
2476,,Sèvres-Babylone,,0.8525706778416597,0.0406109944666200,0,1632
2299,,Javel-André-Citroen,,0.8524838444276792,0.0397680415468992,0,1862
1905,,Jourdain,,0.8529949502695850,0.0417142619119257,0,1864
2218,,Goncourt (Hôpital Saint-Louis),,0.8529036187378285,0.0413903295318014,0,1849
2066,,Belleville,,0.8529373112330347,0.0414947356113449,0,2004
1682,,Telegraphe,,0.8529997342301683,0.0418773926373889,0,55329
967988,,République,,0.8528551829134616,0.0412557283345283,0,1679
967989,,République,,0.8528551829134616,0.0412557283345283,0,1679
1965,,Châtelet,,0.8527088728980940,0.0409889357234787,0,1964
2289,,Hôtel de Ville,,0.8526905128700837,0.0410533515519659,0,1855
2115,,Belleville,,0.8529373112330347,0.0414947356113449,0,2004
2408,,Place des Fêtes,,0.8530208016561747,0.0417808717784422,0,1792
1761,,Rambuteau,,0.8527496458144284,0.0410852240247251,0,1745
1963,,Goncourt (Hôpital Saint-Louis),,0.8529036187378285,0.0413903295318014,0,1849
2220,,Châtelet,,0.8527088728980940,0.0409889357234787,0,1964
2051,,Arts-et-Métiers,,0.8528227373443227,0.0411263777736259,0,1988
2266,,Jourdain,,0.8529949502695850,0.0417142619119257,0,1864
1758,,Pyrenees,,0.8529700423526583,0.0416367186365627,0,55330
2431,,Porte des Lilas,,0.8530296185812714,0.0420144016522116,0,1736
1753,,Porte des Lilas,,0.8530296185812714,0.0420144016522116,0,1736
1893,,Hôtel de Ville,,0.8526905128700837,0.0410533515519659,0,1855
2436,,Pyrenees,,0.8529700423526583,0.0416367186365627,0,55330
2100,,Arts-et-Métiers,,0.8528227373443227,0.0411263777736259,0,1988
2271,,Mairie des Lilas,,0.8530787729070806,0.0421738031528192,0,1819
2439,,Rambuteau,,0.8527496458144284,0.0410852240247251,0,1745
1798,,Place des Fêtes,,0.8530208016561747,0.0417808717784422,0,1792
1875,,Mairie des Lilas,,0.8530787729070806,0.0421738031528192,0,1819
2492,,Telegraphe,,0.8529997342301683,0.0418773926373889,0,55329
2402,,Pigalle,,0.8531132702566415,0.0408047111032057,0,1787
1669,,Solférino,,0.8527032219508488,0.0405581952199424,0,1622
1667,,Sèvres-Babylone,,0.8525818162964067,0.0406245401639744,0,1632
2336,,Madeleine,,0.8528997728315106,0.0405847742114336,0,1813
2337,,Mairie d'Issy,,0.8521065445229530,0.0396938748796432,0,1814
2501,,Vaugirard (Adolphe Chérioux),,0.8523699642146898,0.0401740379459738,0,1645
2392,,Pasteur,,0.8524291526095178,0.0403762316374763,0,1781
1869,,Madeleine,,0.8528997728315106,0.0405847742114336,0,1813
1920,,Lamarck-Caulaincourt,,0.8532478549665807,0.0408384887708059,0,1879
2309,,Notre-Dame des Champs,,0.8524632291162968,0.0406516544491687,0,1768
1723,,Saint-Lazare,,0.8529979710643261,0.0406211339027148,0,1689
2052,,Assemblée Nationale,,0.8527541962370719,0.0405096854765306,0,1989
1938,,Falguière,,0.8524552075000384,0.0404617735663355,0,1918
1632,,Volontaires,,0.8524045069217911,0.0402947336682121,0,1656
2245,,Lamarck-Caulaincourt,,0.8532478549665807,0.0408384887708059,0,1879
1720,,Saint-Georges,,0.8530533496810677,0.0408154115908374,0,1686
2479,,Solférino,,0.8527032219508488,0.0405581952199424,0,1622
1870,,Mairie d'Issy,,0.8521065445229530,0.0396938748796432,0,1814
2156,,Abbesses,,0.8531546809475654,0.0408254031791145,0,1975
2477,,Sèvres-Babylone,,0.8525818162964067,0.0406245401639744,0,1632
2308,,Notre-Dame de Lorette,,0.8530219772951293,0.0408363370650883,0,1767
1826,,Montparnasse-Bienvenue,,0.8524500449985344,0.0405665783822005,0,1751
2101,,Assemblée Nationale,,0.8527541962370719,0.0405096854765306,0,1989
3901292,,Front Populaire,,0.8535433148042602,0.0412936747612116,0,454595
3901291,,Front Populaire,,0.8535433148042602,0.0412936747612116,0,454595
2428,,Porte de Versailles,,0.8522445471842568,0.0399434193283476,0,1732
1686,,Trinité-d'Estienne d'Orves,,0.8530138194020473,0.0407103045636073,0,1638
1710,,Rue du Bac,,0.8526571089095962,0.0406038460704315,0,1674
2421,,Porte de la Chapelle,,0.8533913428105406,0.0411893922174974,0,1734
1906,,Jules Joffrin,,0.8532960065618140,0.0409288820565238,0,1865
1646,,Rennes,,0.8525228370094684,0.0406442774951687,0,1661
2526,,Rennes,,0.8525228370094684,0.0406442774951687,0,1661
1782,,Pasteur,,0.8524291526095178,0.0403762316374763,0,1781
2465,,Saint-Georges,,0.8530533496810677,0.0408154115908374,0,1686
1743,,Porte de la Chapelle,,0.8533913428105406,0.0411893922174974,0,1734
1886,,Marx-Dormoy,,0.8532589527240511,0.0411988485460186,0,1831
1883,,Marcadet-Poissonniers,,0.8532804696064931,0.0410199825886235,0,1828
2282,,Marx-Dormoy,,0.8532589527240511,0.0411988485460186,0,1831
2468,,Saint-Lazare,,0.8529979710643261,0.0406211339027148,0,1689
1986,,Corentin-Celton,,0.8521498874928870,0.0397881374817302,0,1889
2037,,Abbesses,,0.8531546809475654,0.0408254031791145,0,1975
1984,,Convention,,0.8523297807828927,0.0400923251907691,0,1887
1842,,Notre-Dame des Champs,,0.8524632291162968,0.0406516544491687,0,1768
2365,,Montparnasse-Bienvenue,,0.8524500449985344,0.0405665783822005,0,1751
1841,,Notre-Dame de Lorette,,0.8530219772951293,0.0408363370650883,0,1767
1982,,Concorde,,0.8528246298311966,0.0405289209648570,0,1885
2512,,Volontaires,,0.8524045069217911,0.0402947336682121,0,1656
1691,,Vaugirard (Adolphe Chérioux),,0.8523699642146898,0.0401740379459738,0,1645
2267,,Jules Joffrin,,0.8532960065618140,0.0409288820565238,0,1865
2263,,Falguière,,0.8524552075000384,0.0404617735663355,0,1918
1792,,Pigalle,,0.8531132702566415,0.0408047111032057,0,1787
2172,,Concorde,,0.8528246298311966,0.0405289209648570,0,1885
2174,,Convention,,0.8523297807828927,0.0400923251907691,0,1887
2176,,Corentin-Celton,,0.8521498874928870,0.0397881374817302,0,1889
2279,,Marcadet-Poissonniers,,0.8532804696064931,0.0410199825886235,0,1828
1750,,Porte de Versailles,,0.8522445471842568,0.0399434193283476,0,1732
2496,,Trinité-d'Estienne d'Orves,,0.8530138194020473,0.0407103045636073,0,1638
2455,,Rue du Bac,,0.8526571089095962,0.0406038460704315,0,1674
2397,,Pernéty,,0.8522738723205565,0.0404677798079206,0,1783
1969,,Châtillon Montrouge,,0.8518610888529237,0.0401777101130177,0,1968
2406,,Place de Clichy,,0.8531338126519232,0.0406310969718781,0,1790
2372,,Plaisance,,0.8522358985409357,0.0403972285376191,0,1705
1928,,Duroc,,0.8525017932930972,0.0404439319113835,0,1908
1692060,,Carrefour-Pleyel,,0.8537750469626424,0.0409215765045912,0,228266
1692061,,Carrefour-Pleyel,,0.8537750469626424,0.0409215765045912,0,228266
2165,,Brochant,,0.8532633649983330,0.0405076234896153,0,1931
1820,,Miromesnil,,0.8529637518181983,0.0404351938578038,0,1747
2202,,Gabriel-Péri,,0.8537162570458454,0.0400562685572810,0,22443
2536,,La Fourche,,0.8532076911067223,0.0406042070498052,0,1872
2203,,Gaité,,0.8523579632245406,0.0405480666508199,0,1927
1724,,Saint-Lazare,,0.8530092609571844,0.0405773774445586,0,1689
140078,,Saint-Denis-Universite,,0.8542317593865940,0.0412380992218746,0,50399
140079,,Saint-Denis-Universite,,0.8542317593865940,0.0412380992218746,0,50399
2144,,Champs-Elysées-Clémenceau,,0.8528573941395012,0.0404029011029046,0,1949
2009,,Brochant,,0.8532633649983330,0.0405076234896153,0,1931
1638,,Varenne,,0.8526658671223073,0.0404127294045920,0,1644
2293,,Invalides,,0.8527436703554598,0.0404091308934925,0,1857
1827,,Montparnasse-Bienvenue,,0.8524160000342360,0.0405219106567640,0,1751
1879,,Malakoff-Plateau de Vanves,,0.8520733131505001,0.0401191289289792,0,22442
1872,,Mairie de Clichy,,0.8534968746594287,0.0402489271908794,0,1816
1874,,Mairie de Saint-Ouen,,0.8536298023899902,0.0407440387727693,0,1818
1947,,Gabriel-Péri,,0.8537162570458454,0.0400562685572810,0,22443
2426,,Porte de Saint-Ouen,,0.8533835337146476,0.0406617407316784,0,1730
2427,,Porte de Vanves,,0.8521662114801152,0.0402304820513631,0,1731
1948,,Gaité,,0.8523579632245406,0.0405480666508199,0,1927
2359,,Miromesnil,,0.8529637518181983,0.0404351938578038,0,1747
2253,,Duroc,,0.8525017932930972,0.0404439319113835,0,1908
1749,,Porte de Vanves,,0.8521662114801152,0.0402304820513631,0,1731
2214,,Garibaldi,,0.8535383542413788,0.0407121604548532,0,1844
1748,,Porte de Saint-Ouen,,0.8533835337146476,0.0406617407316784,0,1730
1717,,Saint-Denis-Porte de Paris,,0.8539492875677448,0.0411358396815177,0,22439
2462,,Saint-Denis-Porte de Paris,,0.8539492875677448,0.0411358396815177,0,22439
1716,,Basilique de Saint-Denis,,0.8540636226218421,0.0411961155121073,0,50622
2464,,Saint-Francois-Xavier,,0.8525714343635880,0.0404070646744446,0,1685
2461,,Basilique de Saint-Denis,,0.8540636226218421,0.0411961155121073,0,50622
1719,,Saint-Francois-Xavier,,0.8525714343635880,0.0404070646744446,0,1685
1741,,Porte de Clichy,,0.8533298538941323,0.0403919931190845,0,1725
1880,,Malakoff-Rue Etienne Dolet,,0.8519382463116654,0.0401078286114502,0,22441
1662795,,Les Agnettes,,0.8538269398069005,0.0399102781009848,0,225436
1662796,,Les Agnettes,,0.8538269398069005,0.0399102781009848,0,225436
1662797,,Asnieres-Gennevilliers Les Courtilles,,0.8539557002430991,0.0398718273282658,0,225437
1662798,,Asnieres-Gennevilliers Les Courtilles,,0.8539557002430991,0.0398718273282658,0,225437
2284,,Guy-Môquet,,0.8533049460238802,0.0406351103070522,0,1851
1787,,Pernéty,,0.8522738723205565,0.0404677798079206,0,1783
1858,,Liège,,0.8530698133006300,0.0406239740426986,0,1804
2469,,Saint-Lazare,,0.8530092609571844,0.0405773774445586,0,1689
1888,,Guy-Môquet,,0.8533049460238802,0.0406351103070522,0,1851
1959,,Garibaldi,,0.8535383542413788,0.0407121604548532,0,1844
2325,,Liège,,0.8530698133006300,0.0406239740426986,0,1804
2268,,Mairie de Clichy,,0.8534968746594287,0.0402489271908794,0,1816
2366,,Montparnasse-Bienvenue,,0.8524160000342360,0.0405219106567640,0,1751
2224,,Châtillon Montrouge,,0.8518610888529237,0.0401777101130177,0,1968
1656,,La Fourche,,0.8532076911067223,0.0406042070498052,0,1872
2518,,Varenne,,0.8526658671223073,0.0404127294045920,0,1644
2270,,Mairie de Saint-Ouen,,0.8536298023899902,0.0407440387727693,0,1818
2275,,Malakoff-Plateau de Vanves,,0.8520733131505001,0.0401191289289792,0,22442
2276,,Malakoff-Rue Etienne Dolet,,0.8519382463116654,0.0401078286114502,0,22441
1799,,Plaisance,,0.8522358985409357,0.0403972285376191,0,1705
2025,,Champs-Elysées-Clémenceau,,0.8528573941395012,0.0404029011029046,0,1949
1897,,Invalides,,0.8527436703554598,0.0404091308934925,0,1857
1796,,Place de Clichy,,0.8531338126519232,0.0406310969718781,0,1790
2419,,Porte de Clichy,,0.8533298538941323,0.0403919931190845,0,1725
1166834,,Châtelet,,0.8527105990493458,0.0409818045952283,0,1964
1166833,,Gare de Lyon,,0.8524609396007490,0.0414311508442812,0,1839
1166832,,Gare de Lyon,,0.8524609396007490,0.0414311508442812,0,1839
1166831,,Bercy,,0.8523892157017414,0.0415411240634100,0,2005
1166838,,Madeleine,,0.8528960073630367,0.0405769288145004,0,1813
1166837,,Pyramides,,0.8528442539130339,0.0407557305415729,0,50047
1166836,,Pyramides,,0.8528442539130339,0.0407557305415729,0,50047
1166835,,Châtelet,,0.8527105990493458,0.0409818045952283,0,1964
1166839,,Madeleine,,0.8528960073630367,0.0405769288145004,0,1813
1166828,,Cour Saint-Emilion,,0.8522630416865198,0.0416788273633979,0,50055
1166829,,Cour Saint-Emilion,,0.8522630416865198,0.0416788273633979,0,50055
1166826,,Bibliotheque-Francois Mitterrand,,0.8522022517109948,0.0414837119042092,0,51020
1166827,,Bibliotheque-Francois Mitterrand,,0.8522022517109948,0.0414837119042092,0,51020
1166824,,Olympiades,,0.8521519442530083,0.0413252141976784,0,171507
1166825,,Olympiades,,0.8521519442530083,0.0413252141976784,0,171507
1166830,,Bercy,,0.8523892157017414,0.0415411240634100,0,2005
1166840,,Saint-Lazare,,0.8530000079331508,0.0405949763096778,0,1689
1166841,,Saint-Lazare,,0.8530000079331508,0.0405949763096778,0,1689
2091,,Funiculaire Gare haute,,0.8531752271106936,0.0408977069397580,0,2022
2552,,Funiculaire Gare haute,,0.8531752271106936,0.0408977069397580,0,2022
2090,,Funiculaire Gare basse,,0.8531598548401194,0.0408988943236085,0,2021
2551,,Funiculaire Gare basse,,0.8531598548401194,0.0408988943236085,0,2021
22794,,Orly-Sud,,0.8504192778088218,0.0413464858360723,0,11039
22792,,Orly-Ouest,,0.8504307681275005,0.0411781379252576,0,11038
22793,,Orly-Sud,,0.8504192778088218,0.0413464858360723,0,11039
22790,,Antony,,0.8508873800147971,0.0401686430878490,0,11037
22791,,Orly-Ouest,,0.8504307681275005,0.0411781379252576,0,11038
22789,,Antony,,0.8508873800147971,0.0401686430878490,0,11037
2238,,La Défense (Grande Arche),,0.8532874430088864,0.0390554291633086,0,1871
1831,,Nanterre-Ville,,0.8533453846124237,0.0383373843885979,0,1757
1830,,Nanterre-Université,,0.8534524239000696,0.0386799251430758,0,1756
1835,,Nation,,0.8525277527222257,0.0418440287028654,0,1759
2490,,Sucy Bonneuil,,0.8511763302225881,0.0437768144952250,0,1629
2370,,Nanterre-Ville,,0.8533453846124237,0.0383373843885979,0,1757
2545,,Charles de Gaulle-Etoile,,0.8529760487642100,0.0400692355532835,0,1954
2131,,Bussy-Saint-Georges,,0.8523281518819443,0.0473087603888438,0,1935
2480,,Saint-Germain-en-Laye,,0.8533974678671656,0.0365794146661591,0,15522
1838,,Nogent-sur-Marne,,0.8522943627053605,0.0431515504866764,0,1763
2481,,Saint-Maur Créteil,,0.8517936338409577,0.0431578460747844,0,1624
1839,,Noisiel,,0.8524405427984845,0.0456809678930121,0,1764
1967,,Châtelet-Les Halles,,0.8527543644844595,0.0409727800816912,0,1967
1837,,Neuilly-Plaisance,,0.8526138798369636,0.0438820970888096,0,1762
1671,,Saint-Maur Créteil,,0.8517936338409577,0.0431578460747844,0,1624
1670,,Saint-Germain-en-Laye,,0.8533974678671656,0.0365794146661591,0,15522
1636,,Torcy,,0.8523749722245779,0.0463666528594673,0,1637
2053,,Auber,,0.8529488773233220,0.0406736924295045,0,1990
2532,,Noisy-le-Grand (Mont d'Est),,0.8523936020047054,0.0444835107514333,0,1766
1631,,Vincennes,,0.8525075641075097,0.0424856969278567,0,1655
2340,,Poissy,,0.8540058300698865,0.0356364849085053,0,1707
2244,,La Varenne-Chennevières,,0.8515928380569378,0.0438764795515576,0,1878
2300,,Joinville-le-Pont,,0.8520493309859618,0.0430145623439178,0,1863
2143,,Champigny,,0.8518043845134260,0.0438185420880878,0,1948
1970,,Chatou-Croissy,,0.8531676578645087,0.0376355329254317,0,1956
2140,,Cergy-Préfecture,,0.8557996979221896,0.0363182136096365,0,15518
2141,,Cergy-Saint-Christophe,,0.8560370417710610,0.0355311036734589,0,15517
2307,,Noisy-Champs,,0.8524261664533643,0.0450114487925821,0,1765
2198,,Fontenay-sous-Bois,,0.8524392820645064,0.0430316792506732,0,1922
2306,,Noisiel,,0.8524405427984845,0.0456809678930121,0,1764
1878,,Maisons-Laffitte,,0.8542306726362900,0.0374370394263426,0,1823
2102,,Auber,,0.8529488773233220,0.0406736924295045,0,1990
2305,,Nogent-sur-Marne,,0.8522943627053605,0.0431515504866764,0,1763
2158,,Achères-Ville,,0.8546500887537709,0.0362741188507337,0,15520
2304,,Neuilly-Plaisance,,0.8526138798369636,0.0438820970888096,0,1762
1829,,Nanterre-Préfecture,,0.8533512247981041,0.0388131394102603,0,1755
2302,,Nation,,0.8525277527222257,0.0418440287028654,0,1759
2211,,Gare de Lyon,,0.8524636023119010,0.0414439859280909,0,1840
2315,,Le Parc de Saint-Maur,,0.8517715458542443,0.0433945468199315,0,1794
2290,,Houilles Carrières-sur-Seine,,0.8537873185130320,0.0381379301418473,0,1854
161469,,Val d'europe,,0.8526430351971914,0.0484439156896032,0,53960
161468,,Val d'europe,,0.8526430351971914,0.0484439156896032,0,53960
2318,,Le Vésinet-Le Pecq,,0.8533982029388119,0.0370456922667593,0,15523
48429,,Cergy-Le-Haut,,0.8560196804748030,0.0351298950542311,0,16814
1851,,Le Vésinet-Le Pecq,,0.8533982029388119,0.0370456922667593,0,15523
2317,,Le Vésinet-Centre,,0.8532541189111966,0.0372646448740455,0,15524
1850,,Le Vésinet-Centre,,0.8532541189111966,0.0372646448740455,0,15524
2084,,Charles de Gaulle-Etoile,,0.8529760487642100,0.0400692355532835,0,1954
1689,,Val de Fontenay,,0.8526160495105550,0.0434471272849717,0,1642
2771311,,Acheres Grand Cormier,,0.8543901090107697,0.0365342988139645,0,341403
2523,,Sartrouville,,0.8540817039681263,0.0376649570197989,0,1700
1680,,Sucy Bonneuil,,0.8511763302225881,0.0437768144952250,0,1629
1643,,Sartrouville,,0.8540817039681263,0.0376649570197989,0,1700
1904,,Joinville-le-Pont,,0.8520493309859618,0.0430145623439178,0,1863
1713,,Rueil-Malmaison,,0.8532039594711902,0.0378972757818540,0,1675
1885,,Marne-la-Vallée Chessy,,0.8529237821853695,0.0485815842220665,0,1830
2012,,Bussy-Saint-Georges,,0.8523281518819443,0.0473087603888438,0,1935
2010,,Bry-sur-Marne,,0.8524588619112423,0.0441090004386326,0,1932
1943,,Fontenay-sous-Bois,,0.8524392820645064,0.0430316792506732,0,1922
1859,,Lognes,,0.8523609054949906,0.0459835118653447,0,1805
2281,,Marne-la-Vallée Chessy,,0.8529237821853695,0.0485815842220665,0,1830
2222,,Châtelet-Les Halles,,0.8527543644844595,0.0409727800816912,0,1967
2326,,Lognes,,0.8523609054949906,0.0459835118653447,0,1805
1840,,Noisy-Champs,,0.8524261664533643,0.0450114487925821,0,1765
2074,,Boissy-Saint-Léger,,0.8508610682866187,0.0437368711291671,0,2013
1983,,Conflans-Fin d'Oise,,0.8549867034784038,0.0362111867245446,0,15519
2039,,Achères-Ville,,0.8546500887537709,0.0362741188507337,0,15520
2368,,Nanterre-Préfecture,,0.8533512247981041,0.0388131394102603,0,1755
1652,,Noisy-le-Grand (Mont d'Est),,0.8523936020047054,0.0444835107514333,0,1766
2511,,Vincennes,,0.8525075641075097,0.0424856969278567,0,1655
1913,,La Défense (Grande Arche),,0.8532874430088864,0.0390554291633086,0,1871
1801,,Poissy,,0.8540058300698865,0.0356364849085053,0,1707
2369,,Nanterre-Université,,0.8534524239000696,0.0386799251430758,0,1756
1919,,La Varenne-Chennevières,,0.8515928380569378,0.0438764795515576,0,1878
2776542,,Acheres Grand Cormier,,0.8543901090107697,0.0365342988139645,0,341403
2225,,Chatou-Croissy,,0.8531676578645087,0.0376355329254317,0,1956
2516,,Torcy,,0.8523749722245779,0.0463666528594673,0,1637
48430,,Cergy-Le-Haut,,0.8560196804748030,0.0351298950542311,0,16814
2173,,Conflans-Fin d'Oise,,0.8549867034784038,0.0362111867245446,0,15519
2499,,Val de Fontenay,,0.8526160495105550,0.0434471272849717,0,1642
2123,,Boissy-Saint-Léger,,0.8508610682866187,0.0437368711291671,0,2013
1894,,Houilles Carrières-sur-Seine,,0.8537873185130320,0.0381379301418473,0,1854
2022,,Cergy-Saint-Christophe,,0.8560370417710610,0.0355311036734589,0,15517
2024,,Champigny,,0.8518043845134260,0.0438185420880878,0,1948
48434,,Neuville-Université,,0.8554225864548455,0.0362883718872902,0,16817
2458,,Rueil-Malmaison,,0.8532039594711902,0.0378972757818540,0,1675
2129,,Bry-sur-Marne,,0.8524588619112423,0.0441090004386326,0,1932
1956,,Gare de Lyon,,0.8524636023119010,0.0414439859280909,0,1840
1848,,Le Parc de Saint-Maur,,0.8517715458542443,0.0433945468199315,0,1794
48433,,Neuville-Université,,0.8554225864548455,0.0362883718872902,0,16817
2021,,Cergy-Préfecture,,0.8557996979221896,0.0363182136096365,0,15518
2274,,Maisons-Laffitte,,0.8542306726362900,0.0374370394263426,0,1823
2237,,La Croix-de-Berny,,0.8510208977948737,0.0402278697476534,0,1870
2503,,Vert-Galant,,0.8541971850370809,0.0448118481034205,0,1647
2540,,Sceaux,,0.8513550042686733,0.0401134909236370,0,1701
1968,,Châtelet-Les Halles,,0.8527601684512374,0.0409720680492929,0,1967
1664,,Sevran Livry,,0.8540554560932660,0.0442510358752091,0,1620
2239,,La Hacquinière,,0.8498500569921941,0.0375837949455337,0,1873
1663,,Sevran-Beaudottes,,0.8542676516879255,0.0440730146451710,0,1703
2332,,Lozère,,0.8500418490325052,0.0386117774943745,0,1810
2333,,Luxembourg,,0.8524980566211999,0.0408610283493680,0,1811
1660,,Sceaux,,0.8513550042686733,0.0401134909236370,0,1701
1924,,Le Guichet,,0.8500212082337963,0.0382574926317040,0,1884
2231,,Fontaine-Michalon,,0.8507030298696141,0.0401040167314994,0,1920
1921,,Laplace,,0.8518149026859474,0.0407355861825402,0,1880
1923,,Le Bourget,,0.8539664503898026,0.0423596463426625,0,1883
2166,,Cité Universitaire,,0.8520365576547047,0.0408479286652251,0,1970
2130,,Bures-sur-Yvette,,0.8498617832266242,0.0377657477464176,0,1934
1628,,Villepinte,,0.8545281943566199,0.0438579173774158,0,1653
2070,,Blanc-Mesnil,,0.8539889726711021,0.0432400062196722,0,2008
2482,,Saint-Michel Notre-Dame,,0.8526135041808893,0.0409409013762336,0,5604
1865,,Lozère,,0.8500418490325052,0.0386117774943745,0,1810
1866,,Luxembourg,,0.8524980566211999,0.0408610283493680,0,1811
2483,,Saint-Rémy-lès-Chevreuse,,0.8499863428462069,0.0361515690378471,0,1626
1960,,Gentilly,,0.8519563975467208,0.0408685878896179,0,1845
2507,,Sevran-Beaudottes,,0.8542676516879255,0.0440730146451710,0,1703
2508,,Villepinte,,0.8545281943566199,0.0438579173774158,0,1653
2349,,Massy-Verrières,,0.8505401684990481,0.0396888936993440,0,1833
2386,,Palaiseau Villebon,,0.8500714490848256,0.0390563671900307,0,1776
2059,,Bagneux,,0.8515638945365924,0.0405273880465427,0,1996
2246,,Laplace,,0.8518149026859474,0.0407355861825402,0,1880
2095,,Antony,,0.8508931849123389,0.0401702997800639,0,1983
2385,,Palaiseau,,0.8502490130493578,0.0392215040913239,0,1775
2530,,Port Royal,,0.8523777425789869,0.0407987603235434,0,1713
2388,,Parc de Sceaux,,0.8511688547933027,0.0403269743201767,0,1778
2249,,Le Guichet,,0.8500212082337963,0.0382574926317040,0,1884
2387,,Parc des Expositions,,0.8547139917797999,0.0439040527810377,0,1777
2248,,Le Bourget,,0.8539664503898026,0.0423596463426625,0,1883
2097,,Arcueil-Cachan,,0.8516547341052836,0.0406425198037634,0,1985
2381,,Orsay-Ville,,0.8498944018263219,0.0380971741523784,0,1772
1821,,Mitry-Claye,,0.8547483852350961,0.0461268456272564,0,1748
2348,,Massy-Palaiseau,,0.8503577315921911,0.0394456131580404,0,1832
1673,,Saint-Rémy-lès-Chevreuse,,0.8499863428462069,0.0361515690378471,0,1626
1672,,Saint-Michel Notre-Dame,,0.8526135041808893,0.0409409013762336,0,5604
2054,,La Courneuve-Aubervilliers,,0.8538462519381884,0.0416282544085134,0,1991
2243,,La Plaine-Stade de France,,0.8537335954587983,0.0412290481459315,0,1877
2056,,Aulnay-sous-Bois,,0.8539873580306105,0.0435289981476203,0,1993
2108,,Bagneux,,0.8515638945365924,0.0405273880465427,0,1996
1775,,Palaiseau,,0.8502490130493578,0.0392215040913239,0,1775
2006,,Bourg-la-Reine,,0.8513334233956518,0.0403674776715641,0,2020
1776,,Palaiseau Villebon,,0.8500714490848256,0.0390563671900307,0,1776
2103,,La Courneuve-Aubervilliers,,0.8538462519381884,0.0416282544085134,0,1991
1777,,Parc des Expositions,,0.8547139917797999,0.0439040527810377,0,1777
1778,,Parc de Sceaux,,0.8511688547933027,0.0403269743201767,0,1778
2105,,Aulnay-sous-Bois,,0.8539873580306105,0.0435289981476203,0,1993
1976,,Cité Universitaire,,0.8520365576547047,0.0408479286652251,0,1970
2195,,Bourg-la-Reine,,0.8513334233956518,0.0403674776715641,0,2020
2473,,Villeparisis,,0.8543519756270803,0.0454264869073243,0,1652
2197,,Fontenay-aux-Roses,,0.8514679170838750,0.0400137021808061,0,1921
1771,,Orsay-Ville,,0.8498944018263219,0.0380971741523784,0,1772
2474,,Sevran Livry,,0.8540554560932660,0.0442510358752091,0,1620
1998,,Denfert-Rochereau,,0.8522630732379182,0.0407388844866252,0,1904
1999,,Drancy,,0.8539978526048406,0.0428622359852769,0,1905
1853,,Les Baconnets,,0.8506235885430176,0.0399387694862370,0,1799
2047,,Arcueil-Cachan,,0.8516547341052836,0.0406425198037634,0,1985
1810,,Massy-Verrières,,0.8505401684990481,0.0396888936993440,0,1833
2045,,Antony,,0.8508931849123389,0.0401702997800639,0,1983
2215,,Gentilly,,0.8519563975467208,0.0408685878896179,0,1845
2187,,Denfert-Rochereau,,0.8522630732379182,0.0407388844866252,0,1904
2188,,Drancy,,0.8539978526048406,0.0428622359852769,0,1905
1941,,Fontaine-Michalon,,0.8507030298696141,0.0401040167314994,0,1920
2011,,Bures-sur-Yvette,,0.8498617832266242,0.0377657477464176,0,1934
1942,,Fontenay-aux-Roses,,0.8514679170838750,0.0400137021808061,0,1921
2119,,Blanc-Mesnil,,0.8539889726711021,0.0432400062196722,0,2008
2360,,Mitry-Claye,,0.8547483852350961,0.0461268456272564,0,1748
1697,,Villeparisis,,0.8543519756270803,0.0454264869073243,0,1652
2078,,Gif-sur-Yvette,,0.8499087684320061,0.0373150846320115,0,1847
2077,,Gare du Nord,,0.8530925353035936,0.0411426489392599,0,1843
1988,,Courcelle-sur-Yvette,,0.8499495882594825,0.0366489727386474,0,1891
2223,,Châtelet-Les Halles,,0.8527601684512374,0.0409720680492929,0,1967
1650,,Port Royal,,0.8523777425789869,0.0407987603235434,0,1713
1914,,La Hacquinière,,0.8498500569921941,0.0375837949455337,0,1873
1693,,Vert-Galant,,0.8541971850370809,0.0448118481034205,0,1647
2320,,Les Baconnets,,0.8506235885430176,0.0399387694862370,0,1799
1918,,La Plaine-Stade de France,,0.8537335954587983,0.0412290481459315,0,1877
1705,,Robinson,,0.8513330844241302,0.0398246455396115,0,1668
1706,,Aeroport Charles de Gaulle 1,,0.8553576656149540,0.0447490684570937,0,1669
2451,,Aeroport Charles de Gaulle 1,,0.8553576656149540,0.0447490684570937,0,1669
1809,,Massy-Palaiseau,,0.8503577315921911,0.0394456131580404,0,1832
2450,,Robinson,,0.8513330844241302,0.0398246455396115,0,1668
1912,,La Croix-de-Berny,,0.8510208977948737,0.0402278697476534,0,1870
2178,,Courcelle-sur-Yvette,,0.8499495882594825,0.0366489727386474,0,1891
2126,,Gare du Nord,,0.8530925353035936,0.0411426489392599,0,1843
2127,,Gif-sur-Yvette,,0.8499087684320061,0.0373150846320115,0,1847
48432,,Aeroport Charles de Gaulle 2 TGV,,0.8552406157944565,0.0448536827134142,0,16815
48431,,Aeroport Charles de Gaulle 2 TGV,,0.8552406157944565,0.0448536827134142,0,16815
3798452,,HOTEL DE VILLE DE BOBIGNY,,0.8535394010858681,0.0426587040878488,0,433650
3798453,,LIBERATION,,0.8535488840655665,0.0425771111549445,0,142789
3798454,,LIBERATION,,0.8535449665295065,0.0425725826340130,0,142789
3798455,,LA FERME,,0.8535968990948111,0.0425572181247614,0,142790
3798456,,LA FERME,,0.8535947081475719,0.0425512651144796,0,142790
3798457,,ESCADRILLE NORMANDIE-NIEMEN,,0.8536593635658845,0.0425145060947628,0,433651
3798458,,ESCADRILLE NORMANDIE-NIEMEN,,0.8536554437520976,0.0425125949064549,0,433651
3798510,,GASTON ROULAUD,,0.8536834334445333,0.0424265020391062,0,142792
3798459,,GASTON ROULAUD,,0.8536879798177193,0.0424296039163745,0,142796
3798450,,BOBIGNY - PABLO PICASSO,,0.8535408692819626,0.0427674435236734,0,433649
3798451,,HOTEL DE VILLE DE BOBIGNY,,0.8535434787111891,0.0426594263108817,0,433650
3798465,,DANTON,,0.8538255106811654,0.0420185716155137,0,142801
3798466,,DANTON,,0.8538203370068120,0.0420142804423376,0,142801
3798463,,LA COURNEUVE - 8 MAI 1945,,0.8537856220425319,0.0420968193572637,0,433652
3798464,,LA COURNEUVE - 8 MAI 1945,,0.8537917528326697,0.0420751700992971,0,433652
3798469,,HOTEL DE VILLE DE LA COURNEUVE,,0.8539054778027904,0.0417768405381961,0,142803
3798467,,STADE GEO ANDRE,,0.8538602323363826,0.0419179366115565,0,142802
3798468,,STADE GEO ANDRE,,0.8538519150654182,0.0419253047813917,0,142802
3798461,,DRANCY-AVENIR,,0.8537432031520793,0.0422012350511790,0,142798
3798462,,MAURICE LACHATRE,,0.8537601770191441,0.0421508070185183,0,142799
3798460,,HOPITAL AVICENNE,,0.8537038828530745,0.0423506239947005,0,142797
3798495,,PARC DES CHANTERAINES,,0.8540160970550899,0.0403928794608205,0,444983
3798494,,PARC DES CHANTERAINES,,0.8540219002934810,0.0403912104644781,0,444983
3798493,,CHEMIN DES RENIERS,,0.8540285106760090,0.0405335694355234,0,444982
3798492,,CHEMIN DES RENIERS,,0.8540338434949719,0.0405321395199667,0,444982
3798491,,LA NOUE,,0.8540346370412282,0.0406218897948496,0,444981
3798490,,LA NOUE,,0.8540401269865985,0.0406230790916921,0,444981
3798499,,TIMBAUD,,0.8539983216513534,0.0401824463041036,0,444985
3798498,,TIMBAUD,,0.8540116504251545,0.0401698201852105,0,444985
3798497,,GARE DE GENNEVILLIERS,,0.8540052498996911,0.0402817115117139,0,444984
3798496,,GARE DE GENNEVILLIERS,,0.8540116802880822,0.0402793272892464,0,444984
3798480,,MARCHE DE SAINT-DENIS,,0.8541012795720371,0.0411263741470887,0,142810
3798482,,THEATRE GERARD PHILIPE,,0.8540771376710317,0.0410287539854632,0,142811
3798481,,MARCHE DE SAINT-DENIS,,0.8540976718152984,0.0411273251400869,0,142810
3798484,,GARE DE ST-DENIS RER,,0.8540558133716405,0.0409473282717172,0,433655
3798483,,THEATRE GERARD PHILIPE,,0.8540766666225332,0.0410330392314563,0,142811
3798486,,L'ILE-SAINT-DENIS,,0.8540533086188464,0.0408528140873421,0,444979
3798485,,GARE DE ST-DENIS RER,,0.8540537744801258,0.0409447091517081,0,433655
3798488,,MAIRIE DE VILLENEUVE-LA GARENNE,,0.8540514268477706,0.0407506821823599,0,444980
3798487,,L'ILE-SAINT-DENIS,,0.8540497011073427,0.0408492428115715,0,444979
3798439,,NOISY-LE-SEC RER,,0.8533438403298632,0.0429418576435468,0,142782
3798489,,MAIRIE DE VILLENEUVE-LA GARENNE,,0.8540449958859568,0.0407506824787986,0,444980
3798447,,JEAN ROSTAND,,0.8535646396470176,0.0428417331937372,0,142786
3798505,,LES COURTILLES,,0.8539489520582317,0.0398639787985072,0,444988
3798448,,JEAN ROSTAND,,0.8535605639622386,0.0428391066123816,0,142786
3798504,,LES COURTILLES,,0.8539525587305081,0.0398618327034166,0,444988
3798507,,MAURICE LACHATRE,,0.8537553168463630,0.0421472298426069,0,142795
3798445,,AUGUSTE DELAUNE,,0.8535461900872101,0.0429382936789860,0,142785
3798446,,AUGUSTE DELAUNE,,0.8535414853792749,0.0429373307731979,0,142785
3798506,,COSMONAUTES,,0.8539793079544515,0.0415103044298584,0,142805
3798509,,HOPITAL AVICENNE,,0.8537001199302967,0.0423484757159990,0,142793
3798443,,PONT DE BONDY,,0.8535196385508494,0.0431238158732124,0,142784
3798444,,PONT DE BONDY,,0.8535182337648313,0.0431176260873540,0,142784
3798508,,DRANCY-AVENIR,,0.8537374011284427,0.0421988461415665,0,142794
3798441,,PETIT NOISY,,0.8534273422999967,0.0430395973246471,0,142783
3798442,,PETIT NOISY,,0.8534303287449352,0.0430338949949061,0,142783
3798440,,NOISY-LE-SEC RER,,0.8533471397439181,0.0429366320285612,0,142782
3798473,,COSMONAUTES,,0.8539857402456259,0.0415065007047199,0,142806
3798472,,LA COURNEUVE - SIX ROUTES,,0.8539499341277947,0.0416238274776085,0,433653
3798471,,LA COURNEUVE - SIX ROUTES,,0.8539547949635842,0.0416278786970788,0,433653
3798470,,HOTEL DE VILLE DE LA COURNEUVE,,0.8539004593815935,0.0417749308350052,0,142803
3798477,,CIMETIERE DE SAINT-DENIS,,0.8540584297127150,0.0412749147832714,0,142808
3798476,,CIMETIERE DE SAINT-DENIS,,0.8540626650641596,0.0412734886103255,0,142808
3798475,,HOPITAL DELAFONTAINE,,0.8540177782627181,0.0413784494273004,0,142807
3798474,,HOPITAL DELAFONTAINE,,0.8540209141781108,0.0413824985046044,0,142807
3798500,,LE VILLAGE,,0.8540098899213664,0.0400617428371331,0,444986
3798501,,LE VILLAGE,,0.8540062827195616,0.0400629360406645,0,444986
3798479,,BASILIQUE DE SAINT-DENIS,,0.8540827515499427,0.0412311214767038,0,433654
3798502,,LE LUTH,,0.8539808313674353,0.0399536912342140,0,444987
3798478,,BASILIQUE DE SAINT-DENIS,,0.8540835344986029,0.0412373118818284,0,433654
3798449,,BOBIGNY - PABLO PICASSO,,0.8535429043449949,0.0427717308125253,0,433649
3798503,,LE LUTH,,0.8539775381204660,0.0399553606397581,0,444987
4009372,,SURESNES LONGCHAMP,,0.8528682259941975,0.0387847136240050,0,465166
4009398,,BRIMBORION,,0.8520649306746253,0.0389634668639050,0,465173
4009371,,SURESNES LONGCHAMP,,0.8528669685767367,0.0387821010742344,0,465166
4009397,,PORTE DE VERSAILLES,,0.8522423467626279,0.0399329672586786,0,465172
4009370,,BELVEDERE,,0.8530168505214961,0.0388661862091714,0,57295
4009396,,PORTE DE VERSAILLES,,0.8522437592439012,0.0399346290784243,0,465172
4009395,,PORTE D'ISSY,,0.8522375930354968,0.0398243919180433,0,465171
4009376,,LES MILONS,,0.8525546517206815,0.0387789917126143,0,57292
4009394,,PORTE D'ISSY,,0.8522347690037000,0.0398234445684018,0,465171
4009393,,SUZANNE LENGLEN,,0.8522693972527691,0.0397428607744732,0,302756
4009375,,LES MILONS,,0.8525537089267816,0.0387773300783558,0,57292
4009374,,LES COTEAUX,,0.8526710324246829,0.0387666098354037,0,57293
4009392,,SUZANNE LENGLEN,,0.8522671994486823,0.0397395369148731,0,302756
4009391,,HENRI FARMAN,,0.8522914811611906,0.0396772556979786,0,465170
4009373,,LES COTEAUX,,0.8526725982705714,0.0387637538468292,0,57293
4009379,,MUSEE DE SEVRES,,0.8521835752800664,0.0388491895383904,0,23876
4009378,,PARC DE ST-CLOUD,,0.8524329373800521,0.0387918574799420,0,465167
4009377,,PARC DE ST-CLOUD,,0.8524302672491237,0.0387882987275183,0,465167
4009368,,PUTEAUX,,0.8531324108314493,0.0389903241410769,0,23870
4009369,,BELVEDERE,,0.8530179450156878,0.0388623791155340,0,57295
4009366,,LA DEFENSE,,0.8532849259092741,0.0390466328846901,0,465165
4009367,,PUTEAUX,,0.8531336621998529,0.0389862785705796,0,23870
4009360,,CHARLEBOURG,,0.8535618107789160,0.0390844068429794,0,445424
4009361,,LES FAUVELLES,,0.8534694313967774,0.0390957633661402,0,446344
4009364,,FAUBOURG DE L'ARCHE,,0.8533725092131723,0.0391152143230748,0,445426
4009365,,LA DEFENSE,,0.8532861789779527,0.0390444896526247,0,465165
4009362,,LES FAUVELLES,,0.8534697495652974,0.0391012348483445,0,446344
4009363,,FAUBOURG DE L'ARCHE,,0.8533712485865621,0.0391080799434093,0,445426
4009381,,BRIMBORION,,0.8520677488370061,0.0389572849189388,0,23877
4009380,,MUSEE DE SEVRES,,0.8521809116608097,0.0388525213445557,0,23876
4009383,,MEUDON SUR-SEINE,,0.8520179947135498,0.0391105959191664,0,465168
4009382,,MEUDON SUR-SEINE,,0.8520164216077704,0.0391051355391782,0,465168
4009385,,LES MOULINEAUX,,0.8520578307340152,0.0393053093827852,0,23879
4009384,,LES MOULINEAUX,,0.8520564202879393,0.0393072120599810,0,23879
4009387,,JACQUES-HENRI LARTIGUE,,0.8520999654939545,0.0394434981841225,0,445433
4009386,,JACQUES-HENRI LARTIGUE,,0.8520966702065076,0.0394418402005160,0,445433
4009389,,ISSY - VAL DE SEINE,,0.8521977333352599,0.0395063118901768,0,465169
4009388,,ISSY - VAL DE SEINE,,0.8521895745197790,0.0395034725128917,0,465169
4009355,,VICTOR BASCH,,0.8536652069861725,0.0389340537800101,0,445422
4009356,,VICTOR BASCH,,0.8536672497152118,0.0389380950461176,0,445422
4009357,,JACQUELINE AURIOL,,0.8536135063228971,0.0390045945079580,0,445423
4009358,,JACQUELINE AURIOL,,0.8536157061836613,0.0390091113019491,0,445423
4009359,,CHARLEBOURG,,0.8535567853114476,0.0390770402133409,0,445424
4009351,,PONT DE BEZONS,,0.8538340868315957,0.0387121170737732,0,446346
4009352,,PONT DE BEZONS,,0.8538348772774365,0.0387183035841325,0,446346
4009353,,PARC PIERRE LAGRAVERE,,0.8537338197030611,0.0388358625220095,0,445421
4009354,,PARC PIERRE LAGRAVERE,,0.8537358626160954,0.0388399038729434,0,445421
4009390,,HENRI FARMAN,,0.8522902258534288,0.0396765444240667,0,465170
3813505,,DESNOUETTES,,0.8522881221593130,0.0398644933156603,0,136235
3813504,,DESNOUETTES,,0.8522754236046461,0.0398816137122766,0,136235
3813507,,PORTE DE VERSAILLES - PARC DES EXPOSITIONS,,0.8522552166804527,0.0399498244543204,0,446285
3813506,,PORTE DE VERSAILLES - PARC DES EXPOSITIONS,,0.8522508229861048,0.0399462645995275,0,446285
3813501,,PONT GARIGLIANO - HOPITAL EUROPEEN GEORGE POMPIDOU,,0.8523441723215788,0.0396484387175772,0,446284
3813500,,PONT GARIGLIANO - HOPITAL EUROPEEN GEORGE POMPIDOU,,0.8523441723215788,0.0396484387175772,0,446284
3813503,,BALARD,,0.8523183471888327,0.0397584865643810,0,136234
3813502,,BALARD,,0.8523050278423816,0.0397874902354493,0,136234
3813508,,GEORGES BRASSENS,,0.8521958174076412,0.0400926663079548,0,136237
3813509,,GEORGES BRASSENS,,0.8522088286776830,0.0400674722355572,0,136237
3813514,,DIDOT,,0.8521306393630033,0.0403880094331196,0,136240
3813513,,PORTE DE VANVES,,0.8521641809431753,0.0402637435843581,0,136239
3813512,,PORTE DE VANVES,,0.8521575934488670,0.0402673110034804,0,136239
3813511,,BRANCION,,0.8521843914387324,0.0401722639958864,0,136238
3813518,,PORTE D'ORLEANS,,0.8520776507269887,0.0406227331514990,0,136242
3813517,,JEAN MOULIN,,0.8521152832905594,0.0404868414749336,0,136241
3813516,,JEAN MOULIN,,0.8521104194256299,0.0404801914557885,0,136241
3813515,,DIDOT,,0.8521369145426729,0.0403906198604522,0,136240
3813510,,BRANCION,,0.8521798408878345,0.0401675155612610,0,136238
3813546,,ALEXANDRA DAVID-NEEL,,0.8524429141146359,0.0420784873413298,0,446353
3813547,,ALEXANDRA DAVID-NEEL,,0.8524413489912219,0.0420727816097812,0,446353
3813544,,MONTEMPOIVRE,,0.8523997845216358,0.0420651185083016,0,446352
3813545,,MONTEMPOIVRE,,0.8523779879740809,0.0420524935065138,0,446352
3813548,,PORTE DE VINCENNES,,0.8525009593322008,0.0420697763052325,0,446354
3813549,,PORTE DE VINCENNES,,0.8525003336267156,0.0420669234824489,0,446354
3813519,,PORTE D'ORLEANS,,0.8520837687597176,0.0406253450810133,0,136242
3813542,,PORTE DOREE,,0.8523108627939493,0.0420305398057054,0,446351
3813543,,PORTE DOREE,,0.8522955057969752,0.0420036691161348,0,446351
3813540,,PORTE DE CHARENTON,,0.8522373800341603,0.0418741033840605,0,446350
3813541,,PORTE DE CHARENTON,,0.8522414621263898,0.0418672180421336,0,446350
3813523,,CITE UNIVERSITAIRE,,0.8520415779758315,0.0408198991104134,0,136244
3813522,,CITE UNIVERSITAIRE,,0.8520315381205732,0.0408386643526985,0,136244
3813525,,STADE CHARLETY - PORTE DE GENTILLY,,0.8520255716266849,0.0409507815183239,0,446286
3813524,,STADE CHARLETY - PORTE DE GENTILLY,,0.8520218065105412,0.0409545814362926,0,446286
3813527,,POTERNE DES PEUPLIERS,,0.8520465846599787,0.0410270363441336,0,136246
3813526,,POTERNE DES PEUPLIERS,,0.8520472082591972,0.0410591047689414,0,136246
3813529,,PORTE D'ITALIE,,0.8520181691595541,0.0411776262226855,0,136247
3813528,,PORTE D'ITALIE,,0.8520115746650285,0.0412089778208323,0,136247
3813521,,MONTSOURIS,,0.8520596171875638,0.0407374712176948,0,136243
3813520,,MONTSOURIS,,0.8520519309096937,0.0407467358963634,0,136243
3813533,,PORTE D'IVRY,,0.8520637712718626,0.0413762349472598,0,136249
3813534,,MARYSE BASTIE,,0.8521027890543369,0.0415107175227499,0,446347
3813535,,MARYSE BASTIE,,0.8521070280518175,0.0415002683146154,0,446347
3813536,,AVENUE DE FRANCE,,0.8521247293075547,0.0415694129963286,0,446348
3813537,,AVENUE DE FRANCE,,0.8521280241328104,0.0415677528754083,0,446348
3813538,,BARON LEROY,,0.8522101280981951,0.0417885400619524,0,446349
3813539,,BARON LEROY,,0.8522096666375241,0.0417692951406294,0,446349
3813530,,PORTE DE CHOISY,,0.8520256787893796,0.0412735943860500,0,136248
3813531,,PORTE DE CHOISY,,0.8520292881110354,0.0412676578533571,0,136248
3813532,,PORTE D'IVRY,,0.8520598481805175,0.0413812208851189,0,136249
3813341,,PORTE DE LA CHAPELLE,,0.8533990334923898,0.0411641784365107,0,446319
3813340,,PORTE DE LA CHAPELLE,,0.8534024843160850,0.0411644177537489,0,446319
3813328,,DELPHINE SEYRIG,,0.8533310293478871,0.0418616141982343,0,446312
3887739,,PORTE DE LA VILLETTE - CITE DES SCIENCES ET DE L'INDUSTRIE,,0.8533824134789345,0.0416654128980223,0,446314
3887738,,PORTE DE PANTIN - PARC DE LA VILLETTE,,0.8532305023242439,0.0418234388287838,0,446311
3813329,,DELPHINE SEYRIG,,0.8533304032590272,0.0418589967812215,0,446312
3813345,,PORTE DES LILAS,,0.8530224009099174,0.0420179588863051,0,446323
3813326,,BUTTE DU CHAPEAU ROUGE,,0.8531653976326980,0.0418397753384026,0,446310
3813327,,PORTE DE PANTIN - PARC DE LA VILLETTE,,0.8532331665598281,0.0418281989482993,0,446311
3813324,,HOPITAL ROBERT DEBRE,,0.8530651233317093,0.0419181365563001,0,446309
3813325,,BUTTE DU CHAPEAU ROUGE,,0.8531680619593600,0.0418442973265926,0,446310
3813323,,HOPITAL ROBERT DEBRE,,0.8530690432843238,0.0419209951656769,0,446309
3813320,,ADRIENNE BOLLAND,,0.8529383020134689,0.0420539870455103,0,446307
3813321,,ADRIENNE BOLLAND,,0.8529441100384876,0.0420470995746371,0,446307
3813317,,PORTE DE BAGNOLET,,0.8527906972642265,0.0420506907085782,0,446305
3813318,,SEVERINE,,0.8528598678016173,0.0420598216105328,0,446306
3813319,,SEVERINE,,0.8528570480538162,0.0420536360229574,0,446306
3813313,,PORTE DE MONTREUIL,,0.8526098140754268,0.0420839536364230,0,446303
3813332,,CANAL SAINT DENIS,,0.8534091228340070,0.0415545770960305,0,446315
3813331,,PORTE DE LA VILLETTE - CITE DES SCIENCES ET DE L'INDUSTRIE,,0.8533868040928203,0.0416687476594415,0,446314
3813314,,MARIE DE MIRIBEL,,0.8527086453748769,0.0420717334031869,0,446304
3813315,,MARIE DE MIRIBEL,,0.8527078645651947,0.0420660271119437,0,446304
3813334,,ROSA PARKS,,0.8533835998788577,0.0414203835582591,0,446316
3813316,,PORTE DE BAGNOLET,,0.8527911643890249,0.0420563970706709,0,446305
3813333,,CANAL SAINT DENIS,,0.8534053562424706,0.0415600456079936,0,446315
3813336,,PORTE D'AUBERVILLIERS,,0.8534055784688195,0.0413556901710732,0,446317
3813310,,PORTE DE VINCENNES,,0.8525058222647783,0.0420695455030528,0,446302
3813335,,ROSA PARKS,,0.8533804627251804,0.0414203813800131,0,446316
3813311,,PORTE DE VINCENNES,,0.8525072357919106,0.0420666955352431,0,446302
3813338,,COLETTE BESSON,,0.8534037195541253,0.0412614810301100,0,446318
3813312,,PORTE DE MONTREUIL,,0.8526098108195912,0.0420891828207891,0,446303
3813337,,PORTE D'AUBERVILLIERS,,0.8534013426700473,0.0413580665161433,0,446317
3813339,,COLETTE BESSON,,0.8533994886562137,0.0412422091113441,0,446318
3887741,,ELLA FITZGERALD - GRANDS MOULINS DE PANTIN,,0.8533796947161107,0.0417819776804019,0,453852
3887742,,PORTE DES LILAS,,0.8530241235647322,0.0420227172040848,0,446323
3887740,,ELLA FITZGERALD - GRANDS MOULINS DE PANTIN,,0.8533814203767491,0.0417815037822016,0,453852
4146218,,PAUL VALERY,,0.8548093428703676,0.0415552824282194,0,478633
4146236,,PETIT PIERREFITTE,,0.8543287072240027,0.0411674187327856,0,478642
4146237,,GUYNEMER (STADE AUGUSTE DELAUNE),,0.8542684788626520,0.0411540586421288,0,478643
4146219,,LES FLANADES,,0.8547670121977822,0.0415042594345600,0,478634
4146238,,GUYNEMER (STADE AUGUSTE DELAUNE),,0.8542672229696060,0.0411602494226418,0,478643
4146239,,ROGER SEMAT,,0.8542079352493199,0.0411483197519215,0,478644
4146214,,GARGES-SARCELLES RER,,0.8547700509615233,0.0417494302408432,0,478631
4146215,,LOCHERES,,0.8547997469503446,0.0416288987417230,0,478632
4146216,,LOCHERES,,0.8547972365362311,0.0416310408108044,0,478632
4146217,,PAUL VALERY,,0.8548116960100440,0.0415540930669084,0,478633
4146231,,SUZANNE VALADON,,0.8544554404324090,0.0411767602100001,0,478640
4146213,,GARGES-SARCELLES RER,,0.8547700509615233,0.0417494302408432,0,478631
4146230,,MAIRIE DE PIERREFITTE,,0.8545351131427878,0.0412118090600881,0,478639
4146233,,JONCHEROLLES,,0.8543839184349507,0.0411681561247775,0,478641
4146232,,SUZANNE VALADON,,0.8544618699807653,0.0411836700959878,0,478640
4146235,,PETIT PIERREFITTE,,0.8543401582096770,0.0411624224308751,0,478642
4146234,,JONCHEROLLES,,0.8543988178084452,0.0411757834733798,0,478641
4146229,,MAIRIE DE PIERREFITTE,,0.8545357428096807,0.0412003758932659,0,478639
4146227,,ALCIDE D'ORBIGNY,,0.8545685136766141,0.0412511285128600,0,478638
4146228,,ALCIDE D'ORBIGNY,,0.8545769792801412,0.0412699512402857,0,478638
4146225,,JACQUES PREVERT,,0.8546637084680357,0.0413035876489580,0,478637
4146226,,JACQUES PREVERT,,0.8546648047570127,0.0413102587406145,0,478637
4146224,,BUTTE PINSON (PARC REGIONAL),,0.8547149956562432,0.0413119552340513,0,478636
4146242,,BAUDELAIRE,,0.8541677811810007,0.0411485420348273,0,478645
4146223,,BUTTE PINSON (PARC REGIONAL),,0.8547117036836278,0.0413045677920807,0,478636
4146241,,BAUDELAIRE,,0.8541624491879967,0.0411428255651034,0,478645
4146222,,LES CHOLETTES,,0.8547773927234461,0.0414149198091546,0,478635
4146240,,ROGER SEMAT,,0.8542118556348823,0.0411535597534345,0,478644
4146221,,LES CHOLETTES,,0.8547830432345442,0.0414013427530201,0,478635
4146220,,LES FLANADES,,0.8547626189225777,0.0415087828528926,0,478634
4146244,,MARCHE DE SAINT-DENIS,,0.8541108458152928,0.0411370915111589,0,142810
4146243,,MARCHE DE SAINT-DENIS,,0.8541108458152928,0.0411370915111589,0,142810
